37357879
37271619
37284754
37230161
37233347
37254729
37237517
37245789
37208252
37253528
37223370
37243875
37193771
37150758
37110307
37046486
37056768
37090333
37068914
37097958
37032964
37048572
37046013
37133463
37083162
37010980
37019382
37032293
37112144
36978860
37054870
36966199
36947586
36875160
36887224
36836364
36919321
36948254
36949870
36834783
36863690
36886145
36930899
36858765
36826735
36886114
36938374
36841982
36885590
36848690
36754318
36844449
36819746
36823608
36758416
36781685
36788359
36876378
36808113
36774221
36819372
36871793
36815843
36753313
36815189
36758394
36791457
36774055
36768757
36753063
36715249
36749440
36765072
36689289
36704261
36716423
36713866
36711385
36710209
36615912
36661117
36619563
36664052
36687280
36727012
36660237
36684570
36628769
36638855
36592735
36597215
36531829
36585122
36647080
36589165
36567841
36556723
36605756
36558930
36594795
36589452
36553189
36563350
36571512
36532146
36520087
36558364
36528491
36491133
36582083
36498391
36473137
36522946
36527293
36474085
36469674
36473721
36481985
36398661
36484163
36407118
36389249
36449194
36445818
36416413
36429216
36385050
36444842
36350090
36374478
36363423
36360051
36378912
36373564
36357458
36403622
36367940
36295330
36365299
36299067
36323530
36263425
36205958
36335341
36259846
36300497
36366243
36265508
36353519
36210149
36289939
36169848
36249889
36235573
36210931
36313093
36189033
36240771
36173576
36191615
36197265
36205730
36124099
36252539
36158726
36172119
36187724
36143805
36244039
36161421
36185586
36169904
36187024
36170982
36173987
36174987
36146927
36150249
36094451
36145417
36115788
36120825
36091721
36087061
36072346
36100794
36193926
36126362
36056050
36058481
36017165
36072696
36024526
36074994
36028734
36037160
36057337
36000989
36030330
36004999
36007290
35999756
35992957
36002372
36015020
35971494
36007207
35986659
35973755
35982346
35942980
35930008
35959473
35952250
35972255
35930026
35919949
35945258
35929137
35981787
35947612