38947248
38975426
38951918
38893605
38958204
38936865
38950160
38788801
38884136
38884681
38851696
38863132
38809718
38805994
38819995
38721581
38664165
38769111
38598513
38807316
38574909
38622677
38492304
38405742
38448189
38444396
38421591
38396572
38255627
38362459
38249266
38190914
38243211
38142637
38214586
38183232
38168469
38185006
38187239
38130951
38126489
38092025
38087790
37999265
37994358
37956611
37865997
37876213
37850235
37824464
37827594
37802940
37790030
37760322
37764487
37680335
37647647
37606455
37552314
37548217
37487875
37504988
37463418
37456600
37394599
37417257
37370573
37328402
37384842
37318121
37310762
37203824
37131066
37069672
36927960
33141169
35947474
34545012
30520559
32044445
35981985
35043395
34436989
33485082
30155899
30346024
31225867
30353828
30013490
34215798
34711610
33624843
33139955
32733070
36168649
35992185
31534316
31689973
36046508
34110324
32414036
37290273
30909289
31167615
34210139
32795570
31632534
31169152
31635286
32037642
30458578
33155304
34365210
31864679
32994080
30371431
33157140
37188988
33482334
30707084
30077308
30811666
31509228
33134575
30538520
32925820
31383004
33702853
30086548
33312804
31996706
34069868
34372734
34547126
34662036
31452603
32315665
33011765
37407444
32591797
35047812
30021105
34666816
36086622
33535126
33063247
31910183
33736762
32502057
31075597
31935217
35977971
30084031
32034310
34538810
34567304
34140207
31405350
37431623
34775688
30550283
32781489
36466183
33354352
30398598
35225413
35695494
32951689
34026907
30073371
32161124
30800097
30780040
30639178
33896826
34707363
33504753
33858231
30140288
35472308
31468640
33371466
32990077
33759699
38154331
34326553
35870229
31086967
31870818
30996285
30037344
33627634
32344066
34465248
35388378
36586146
34145982
32168548
32694882
30538414
30101617
31697745
30653808
31496493
31486782
35941056
35538467
34396880
34254693
34351941
34030535
32940444
34055174
33790692
34352658
34548763
34072484
33818487
35783636
33016176
34187371
33784817
36423033
36117877
35105584
34666170
39566475
35399686
32502250
34182838
32010686
36142480
33340639
30279814
35809749
30320470
34179704
34368165
34570007
35743537
36343332
31457343
30411000
30889836
33270818
31506984
34575543
32957019
31999748
36099355
34911973
35449511
33255735
33550989
32792921
32636644
31212743
33910140
33743234
34018497
34058981
34637589
31511863
30453641
35419014
35297157
35565239
35901700
34935126
35296784
33492293
37637389
35586273
30396782
31491758
34569858
34131721
33711790
30188578
36085114
34398353
36025278
30611237
31092163
34070667
34187715
35475902
35300722
39081958
35804542
37375106
33553601
30509966
36427336
31382089
31517236
30045183
30115064
37633304
32999241
34484503
34155058
32933349
33505329
30448328
34564376
33648582
32992461
32998173
31057824
30225877
30337288
33874597
32940335
31779056
35465691
33845654
36608488
31613837
36402985
36749169
31297077
34076331
32152532
30979965
32313104
34732781
39042364
30965980
31456571
36363690
35962602
30030074
30047843
35574386
36166618
34028680
34564684
31606778
31396552
34605117
35570091
37457897
32045257
32450018
37177859
37346227
33154186
30528970
33361826
35588941
34324562
38218985
35007201
31697649
31487256
36131306
32432921
34018613
31955384
37773698
30013371
31814779
35310480
31659938
33056459
34482746
34256107
34215804
32031296
32035625
36365650
31576227
32754098
33161720
33785852
34654013
33909539
34569622
35446556
32783885
34984010
31277049
35242124
31472881
33092374
39623196
34885365
35015833
30258116
33011360
36715117
32483960
33554437
32882396
30987512
30052515
31458529
35211607
31201297
31645292
30457695
34413967
33427306
33055940
34695509
33893702
34043389
35784430
35217316
35184355
34690420
33797191
33525434
34926961
33887309
33849339
34218227
37913134
30882564
36360520
30323119
35098199
32591568
35483663
34151011
32654638
33469956
32992893
30000600
34858756
34499266
33753416
32928605
35027449
36118030
35145251
33791432
34904389
34126711
34330284
35880491
35961907
35315917
30415183
31924383
34405353
32947530
33920489
33305929
34278506
35877391
30742062
35786023
32119096
30992213
31250770
33717583
35156428
31947805
34630724
34553032
33175410
32126372
33198341
31506000
34045920
32076828
31448982
33783926
30261731
31641855
31053486
30412854
32333177
33750304
35945915
32706845
33208303
33134904
30237231
32661572
31078814
34106654
34368858
32039171
34465292
31715798
34971869
34572360
30443594
35117694
31728514
30509804
34092142
37209196
35479838
36057000
31598386
30780680
31141824
33795824
32485144
33275306
35990216
35299433
35050392
31067412
34001813
33742880
32501251
31614432
30514110
32889952
32703331
33496569
31103853
34401196
31915525
34840119
33127981
35203800
35547068
34883910
30678930
36240349
34985035
36350470
34181378
33723550
34393652
31395212
36090748
34427855
31668969
34122736
30785464
34470379
33700470
32138138
34129861
30892741
31906338
34904169
34741196
33427326
39699060
36114120
34066550
35680220
35384398
32953488
34025634
34198377
34405682
33364100
36133638
33341874
34329645
32621142
30208933
31391038
30095835
