40072001
40091067
40102588
39747044
39915124
39684459
39724476
39775559
39698499
39521826
39708809
40019760
39564558
39448862
39442869
39542285
39736196
39493177
39594946
39340315
39469635
39346047
39282195
39364957
39337305
39441068
39331484
39232587
39365201
39369578
39300005
39168504
39294991
39147373
39196267
39051502
39108673
39208860
39056811
39067904
39036822
39087267
39036234
38989201
39059630
39016387
39020929
39117759
38947248
38975426
38951918
38893605
38958204
38936865
38950160
38788801
38884136
38884681
38851696
38863132
38809718
38805994
38819995
38721581
38664165
38769111
38598513
38807316
38574639
38574909
38622677
38492304
38405742
38448189
38444396
38421591
38396572
38255627
38362459
38249266
38190914
38243211
38142637
38214586
38183232
38168469
38185006
38187239
38130951
38126489
38092025
38087790
37999265
37994358
37956611
37865997
37876213
37850235
37824464
37827594
37802940
37790030
37760322
37764487
37680335
37647647
37606455
37552314
37548217
37487875
37504988
37463418
37456600
37394599
37417257
37370573
37328402
37384842
37318121
37357879
37310762
37203824
37131066
37069672
36927960