37276286
37299847
37327127
37281840
37357879
37307645
37269961
37290496
37312190
37312186
37233774
37393766
37246484
37332259
37243240
37230965
37312520
37280044
37246787
37292520
37309952
37201581
37337203
37319118
37344704
37311142
37267050
37348900
37263580
37282184
37203521
37271619
37280547
37310762
37317005
37284754
37249576
37230161
37268997
37233347
37224316
37319706
37301772
37302304
37269730
37231294
37269416
37341299
37294426
37251414
37239229
37239995
37240219
37254729
37264148
37316292
37284080
37279082
37241750
37269595
37237517
37292430
37227573
37233298
37294695
37276708
37254627
37281851
37259406
37279313
37258047
37235709
37273763
37249905
37245756
37260593
37245892
37263009
37334300
37269117
37309678
37256996
37296669
37239775
37250065
37267608
37236008
37243891
37264333
37246213
37271280
37301562
37305020
37242562
37280775
37269968
37245789
37259561
37283558
37284327
37300940
37276302
37266437
37241587
37230091
37250480
37310246
37200879
37285124
37222697
37271688
37268693
37306682
37237002
37278454
37232680
37289165
37195512
37269626
37231420
37281814
37206431
37220529
37269979
37213155
37245426
37253581
37335049
37262800
37240183
37242254
37253101
37245031
37243267
37256467
37203849
37254796
37305047
37273244
37283023
37192058
37243447
37262864
37281961
37235294
37300037
37234249
37314953
37254323
37219441
37304865
37197576
37208252
37240212
37275045
37257759
37187496
37233822
37265093
37220414
37238407
37257299
37220489
37205090
37215691
37252985
37209330
37228128
37204292
37260309
37226689
37202038
37248029
37245331
37217854
37253528
37200362
37229867
37201503
37208997
37257209
37244185
37199402
37204646
37226714
37249165
37207054
37204433
37233856
37229588
37247915
37211592
37195340
37259092
37221540
37204206
37230476
37268669
37193040
37242444
37211435
37227106
37250255
37252966
37163769
37227932
37321318
37246318
37212148
37206561
37209118
37192285
37230255
37203472
37203978
37223370
37272356
37237676
37243875
37227924
37204177
37206827
37217160
37200717
37261941
37229685
37205663
37193771
37215111
37224891
37229054
37207139
37218153
37227831
37257086
37251739
37175474
37160436
37177180
37185309
37204565
37210866
37236707
37197978
37205454
37224289
37227807
37202237
37211395
37212964
37220310
37192829
37181227
37166521
37220461
37207616
37208278
37195601
37201159
37203074
37201702
37176558
37205866
37204076
37218551
37211670
37281785
37287459
37159712
37165303
37204436
37229174
37251889
37235149
37203532
37163752
37218972
37213410
37190060
37167219
37242092
37190831
37127931
37141281
37207865
37189043
37207714
37200755
37197859
37189416
37204987
37176747
37150758
37214758
37197700
37191285
37176837
37203824
37116480
37130476
37216517
37196533
37227830
37264887
37188602
37208341
37196379
37222561
37203123
37237747
37132972
37144457
37199401
37187141
37191906
37140015
37170529
37163516
37204199
37188555
37211772
37143653
37227827
37208672
37173643
37177416
37238831
37158667
37131066
37194594
37204926
37109050
37049688
37207215
37300053
37184088
37140770
37094846
37215383
37225242
37193951
37153744
37095376
37173032
37104990
37141725
37197885
37121550
37143366
37159497
37184648
37110307
37106817
37113129
37108415
37168557
37148252
37210405
37118824
37114620
37199667
37107897
37153902
37127932
37170928
37106663
37098200
37109098
37114897
37129985
37113187
37178102
37137682
37113503
37109317
37106163
37172166
37149424
37121694
37162357
37095488
37105559
37046486
37056768
37113495
37129913
37059516
37077283
37133576
37106159
37093412
37056185
37104986
37075219
37133193
37054808
37084435
37148998
37097078
37095695
37134662
37105492
37069864
37091059
37115280
37069719
37093179
37105543
37074116
37139639
37059298
37106631
37073664
37085164
37090333
37107365
37092744
37102317
37094279
37041072
37108250
37094587
37116169
37098165
37107089
37081840
37119895
37080712
37101556
37086798
37033939
37101937
37109117
37134079
37148375
37101159
37085273
37174734
37101960
37065565
37095768
37098819
37210362
37090045
37063737
37088136
37071835
37069929
37076162
37151300
37116249
37058356
37077250
37055824
37068914
37086958
37069231
37123696
37113623
37055168
37102576
37167458
37103625
37105847
37100105
37082654
37068252
37071884
37082668
37059616
37082776
37114282
37005383
37081750
37112523
37060833
37079724
37059299
37051108
37089641
37079803
37109311
37097958
37063182
37080593
37092229
37052495
37096662
37086160
37107083
37083533
37072804
37052795
37060443
37100740
37184653
37096984
37079752
37059449
37032964
37115732
37070402
37139951
37116008
37075822
37055798
37069776
37059195
37073031
37055072
37109887
37048572
37074262
37123246
37063442
37093286
37075166
37046013
37049119
37108774
37086931
37053001
37067437
37107007
37061078
37133463
37106149
37054878
37081482
36981084
37032284
37050178
37059957
37082453
37053747
37087657
37037826
37058860
37068666
37053280
37044643
37106516
37067993
37039168
36979720
37033712
37047183
37070967
37082681
37038483
37043896
37102961
37041505
37096158
37056180
37048188
37113033
37116799
37125491
37036558
37050312
37040827
37035174
37065243
37073316
37016701
37033501
37050657
37034675
37056492
37095987
37063849
37073232
37018563
37079494
37037729
37024544
37054937
37038854
37032425
37079322
37076853
37086305
37033912
37040271
37005020
36998655
37083162
37029210
37098875
37069754
37062802
37031277
37064828
37078133
37005015
37036026
37023750
37007944
37012446
37042523
37046112
37081703
37034969
37058750
37033793
37044010
37014241
37012668
37043992
36976259
36995479
37085048
37011877
37069672
37016778
37097326
37054017
37065568
37031797
37048512
37035977
37025177
36996624
37042647
37055604
36984890
37010980
37091631
36987172
37016504
37019863
37001148
37025707
37003198
37038334
37084692
37019870
37069138
37047198
36927960
37082550
37019382
37028112
36950653
37032293
37112144
37069358
37100705
36993251
37079846
36967529
37040518
37089842
37030614
37058150
37027299
37032805
37019893
37041490
37037038
36983411
37017643
37037213
37029421
37012165
37052166
37005660
37018276
36978860
37015953
36953786
37045009
37077301
37092965
37008715
36992989
37060966
37011864
37009268
36987971
37004288
37016343
37140617
36995430
36998643
36972644
36988444
36997507
37061530
36978107
37036165
36995431
36962883
37036051
36984678
37032924
37032240
37017816
37056292
36983248
36991874
37015296
37019784
37010984
36984726
37049096
36970689
36980502
36975009
36994655
37013766
37011984
36993233
37078162
37020187
36972493
37054870
37047151
36996184
36996003
37037658
36964744
36971784
36998648
37061254
37012709
36988782
36989457
36948547
36988484
36967485
37051011
37015815
37012694
36976733
37029270
36972829
37054404
36996589
36973286
36980679
36955351
36943106
36955519
37024833
37050187
37026445
36862812
37041087
36979229
37058405
37058404
36933088
37058403
37058402
36961844
36966199
36981999
36987140
36972729
37038129
36955415
36935046
36963344
36989035
37020555
36957583
36981006
36981202
36946941
36976737
37005184
36886104
36919215
36991732
36990566
36956294
37014149
36955774
36975938
36930014
36971597
36975690
36959743
36961373
37054899
36980660
36954141
36911074
36915619
36953650
36947586
36941984
36987859
36995434
36947841
37002847
36927804
37024451
36934222
36995873
36940406
36938227
37023194
36976878
36944014
36972942
36998820
37013109
36977360
36929548
37002369
36875160
36981384
36888285
36977488
36931759
36947100
36963417
36916671
36928219
36949153
37038974
36948907
36948081
36920928
36887224
36938356
37063401
36946530
36971562
36977335
36946743
36976794
36935642
36953247
36921820
36933874
36965677
36948890
36974843
36910457
36904481
36951831
36895288
36964701
36901558
36931430
36836364
37044258
36941270
36969016
36959240
36865040
36919321
36928524
36966892
36948254
36947765
36954397
36980327
36939277
36996854
37007000
36916800
36957640
36960679
36915154
36916335
37028900
36981729
36918951
36885318
36940219
36949870
36934053
36943500
36909340
36920956
36954799
36952435
36903355
36919229
36932422
36932212
36946621
36968778
36895295
36962503
36937839
36927286
36915143
36983530
36945654
36941368
36881642
36977364
36918568
36940838
36917605
36943067
36893837
36875590
36973760
36937767
36910165
36949816
36942596
36907373
36951242
36921586
36886809
36854813
36930888
36909301
36877631
36953696
36834783
36956307
36930684
36951196
36892595
36912729
36957303
36921795
36913551
36956576
36901456
36877745
36948031
36914210
36920346
36922652
36820821
36887294
36929889
36828680
36909602
36863690
36886145
37017678
36875887
36864789
36886131
36921666
36943109
36949272
36897659
36903068
36883272
36912502
36953235
36932849
36894833
36933801
36936247
36914810
36921460
36909691
36894289
36830802
36892872
36892283
36962454
36931349
36930899
36887252
36877200
36858765
36894667
36906307
36869382
36826735
36921009
36901609
36865962
36882262
36829782
36909316
36882986
36869702
36910894
36881728
36877164
36882555
36879148
36877773
36886114
36951732
36883343
36825980
36917080
36884510
36935070
36902224
36900244
36930588
36862819
36907800
36923242
36868068
36906633
36885582
36879123
36883062
36867662
36849385
36900051
36902832
36878022
36930251
36923266
36870433
36870153
36893362
36910544
36883770
36833521
36874554
36938374
36936519
36870225
36829713
36859939
36959313
36921862
36915488
36873767
36882694
36910621
36911501
36976567
36907072
36895533
36835123
36845053
36917785
36895827
36867128
36968488
36944077
36894957
36877994
36833573
36867147
36863564
36898335
36948797
36911721
36863879
36857669
36896388
36918797
36912600
36873013
36888315
36886887
36921223
36839965
36917456
36908219
36845423
36863128
36885797
36875302
36822253
36866229
36872701
36854362
36836201
36820147
36869242
36837789
36938274
36841982
36867696
36900638
36833267
36863510
36852669
36869146
36864698
36864887
36797176
36885590
36866037
36843269
36822360
36827742
36914984
36849687
36839598
36816423
36832978
36896678
36852671
36860428
36830017
36858169
36838700
36861875
36896110
36888232
36742628
36797004
36848690
36773226
36837692
36858790
36875663
36880516
36847434
36863225
36826086
36860324
36754318
36814298
36864568
36899206
36833635
36853460
36784967
36844737
36869351
36828715
36873604
36829023
36876994
36911411
36865529
36844449
36847072
36850821
36843942
36856062
36763007
36815148
36854229
36864594
36831805
36813144
36826489
36814899
36823116
36823513
36819064
36832184
36813575
36842371
36805355
36819746
36843368
36804762
36824044
36829711
36758681
36784195
36815294
36850110
36827097
36843807
36810930
36823608
36803344
36798324
36929047
36805247
36735932
36852713
36837640
36809823
36840834
36818622
36828667
36801037
36794721
36758416
36763101
36821607
36833530
36851602
36814241
36781685
36853052
36778709
36847847
36788359
36839889
36787789
36822660
36805870
36806023
36832586
36829184
36844753
36808542
36830998
36821487
36800390
36782991
36792034
36870753
36775269
36828055
36818312
36876378
36813676
36758687
36809448
36808113
36822320
36809851
36851327
36787824
36826226
36814815
36803837
36818769
36783450
36790537
36838370
36778045
36800895
36796186
36781315
36842255
36769072
36783016
36746595
36805546
36826768
36781126
36804721
36789394
36839339
36758630
36768868
36791269
36755042
36825087
36819593
36806791
36759551
36811847
36789103
36781059
36775581
36804323
36774221
36795425
36783369
36849460
36750052
36819372
36760371
36854393
36790248
36768384
36871793
36824772
36821051
36765879
36826892
36785998
36756220
36815843
36768269
36782794
36760790
36800216
36756301
36803641
36800243
36804655
36851770
36786877
36747110
36717903
36803763
36752746
36785642
36769682
36780643
36771921
36783304
36782412
36751828
36803464
36758383
36859286
36770408
36805306
36807734
36791029
36751591
36839069
36801914
36759271
36753313
36766367
36801184
36763566
36772665
36749946
36815189
36785152
36756235
36768495
36775648
36867185
36750489
36867855
36758394
36784979
36789209
36788440
36746811
36756026
36883280
36803977
36791457
36804958
36774296
36783784
36756247
36739110
36748204
36777953
36740619
36753723
36776813
36800750
36794387
36754123
36795836
36772635
36770149
36727378
36760046
36719815
36759901
36711275
36777246
36781624
36741582
36754688
36789397
36774055
36810068
36778315
36759785
36765933
36703168
36711263
36742086
36783421
36851755
36768757
36745233
36765407
36759632
36738374
36766411
36777899
36756502
36786042
36733167
36728477
36740768
36756548
36680724
36751112
36753845
36790099
36767146
36796805
36713504
36753063
36767529
36746048
36765049
36715249
36757902
36779459
36732772
36773750
36696266
36741904
36734537
36737843
36776944
36721163
36737389
36747137
36743239
36682858
36699978
36716274
36749440
36710791
36749427
36787926
36761691
36722013
36771298
36764189
36757675
36776410
36802996
36731641
36728625
36751586
36777137
36762905
36765072
36741113
36754461
36721234
36712550
36744007
36754178
36750540
36734551
36719433
36734583
36769688
36749442
36715626
36715499
36757064
36687032
36707788
36724851
36708498
36777562
36723455
36727169
36711423
36689289
36780698
36750274
36700819
36704261
36700662
36678768
36711163
36691565
36752042
36739055
36805661
36734688
36735313
36842176
36721684
36712919
36683839
36731166
36689771
36698937
36744198
36700882
36733978
36708878
36716423
36712973
36767214
36713866
36718859
36690744
36725911
36705768
36711385
36707089
36710209
36699739
36736960
36688054
36702246
36704346
36703277
36746842
36733662
36708540
36623041
36722412
36680650
36715611
36780268
36692811
36697114
36725708
36721542
36726800
36737410
36759102
36654991
36728131
36669512
36644588
36676788
36655061
36722235
36635582
36703565
36700061
36703707
36734113
36745223
36690324
36704314
36698044
36708898
36696104
36618230
36729784
36671497
36703094
36718623
36684118
36703518
36678082
36692509
36728321
36680726
36719296
36722269
36694673
36679710
36699973
36700035
36782961
36704669
36680740
36674948
36738108
36756402
36703951
36727995
36692578
36619056
36728929
36754197
36631271
36689146
36692304
36615912
36703276
36648441
36661117
36619563
36740602
36677870
36689480
36694746
36664052
36667229
36715874
36679003
36649349
36738087
36657975
36656896
36614748
36683755
36692314
36682171
36760069
36707273
36676623
36673554
36687280
36724341
36673538
36669511
36627016
36693895
36657826
36670848
36593860
36714827
36688925
36705262
36653133
36722149
36693494
36688940
36700791
36615994
36727012
36654965
36689098
36711355
36667568
36660237
36686369
36689961
36672809
36673304
36737515
36691616
36631774
36660327
36677814
36693768
36672710
36672517
36660111
36672907
36677095
36704282
36657611
36659931
36684356
36672271
36641454
36682809
36684570
36653676
36610016
36660899
36684873
36666769
36637794
36643776
36643035
36718247
36648202
36713383
36637365
36770653
36657798
36650518
36626943
36628814
36679722
36677265
36639213
36620298
36608014
36583164
36673211
36684716
36626214
36657108
36682426
36644925
36673801
36644282
36716095
36642713
36628769
36653186
36585070
36631639
36654255
36615732
36650887
36605787
36655783
36638855
36670687
36652783
36612147
36651900
36608689
36627514
36675117
36679991
36663293
36654745
36616483
36658707
36666654
36671495
36675526
36641997
36642595
36622919
36655600
36624069
36667847
36579547
36646411
36651453
36682317
36615161
36632836
36682760
36632890
36625350
36636519
36630399
36694749
36625545
36657974
36581903
36625109
36612615
36592735
36643695
36622325
36654098
36667544
36604729
36663450
36657580
36636345
36690887
36611867
36646878
36608274
36630747
36644184
36592718
36644895
36597215
36617373
36594876
36605158
36649307
36614050
36630267
36620116
36608442
36626585
36585117
36602852
36597096
36628278
36614416
36604054
36633404
36654790
36546711
36629370
36618852
36644324
36664342
36531829
36641544
36607321
36640168
36585122
36622233
36647080
36589847
36600326
36659853
36606516
36637958
36611777
36683449
36654479
36603306
36594556
36629218
36607551
36708085
36629966
36654655
36645035
36630583
36616789
36579577
36589165
36593321
36646295
36616196
36603174
36599393
36658289
36567841
36614795
36589286
36556723
36595850
36653823
36620698
36613112
36611674
36582143
36608844
36627411
36606727
36589856
36609439
36616485
36595271
36601432
36576665
36605756
36589195
36603652
36599113
36639033
36551888
36600805
36587134
36558930
36585698
36572897
36621784
36711235
36564682
36583946
36582384
36576853
36613792
36594795
36538999
36628601
36572156
36600583
36604296
36595901
36574131
36583049
36575163
36624498
36584365
36589452
36591267
36595070
36588330
36614026
36517409
36553189
36631440
36567851
36548983
36565919
36646278
36568153
36600218
36518127
36602270
36568712
36553714
36565537
36588425
36541808
36576685
36574772
36586353
36590470
36568874
36630783
36539830
36580212
36596595
36605538
36613961
36571932
36566626
36600791
36532655
36576549
36590797
36638098
36584666
36627010
36647172
36581469
36572861
36557872
36579512
36610129
36601822
36598829
36569830
36625145
36610010
36585722
36632680
36583179
36530164
36558747
36563350
36568519
36599541
36582831
36554500
36571512
36567644
36544454
36605552
36558026
36560847
36550593
36532146
36590648
36588753
36564305
36596291
36585193
36529902
36592933
36558663
36543991
36576483
36553559
36582637
36520301
36531436
36613342
36520087
36537286
36523173
36558318
36594567
36611774
36563954
36537103
36603475
36538176
36536513
36554191
36597012
36515639
36554374
36555258
36534080
36558364
36553435
36699677
36576696
36565854
36544976
36572630
36582998
36554802
36580325
36572175
36552143
36553743
36516205
36541559
36498926
36569282
36553501
36549137
36538902
36564191
36581267
36589428
36529198
36570450
36535147
36573406
36505603
36514525
36535733
36465414
36580734
36547791
36550726
36565311
36539042
36555699
36547095
36572389
36587064
36541425
36552115
36567880
36531846
36567488
36515741
36532917
36482034
36555746
36545205
36542269
36550583
36534169
36518925
36533218
36588612
36560865
36551082
36505327
36543322
36557323
36554673
36511742
36555718
36521973
36473706
36488917
36512976
36558466
36487629
36513360
36547052
36557936
36481003
36528491
36487323
36592278
36545609
36537275
36482454
36516378
36491685
36567167
36555461
36542029
36489828
36549623
36492018
36514287
36491133
36502676
36472490
36521954
36598801
36547991
36556260
36520702
36587270
36518840
36564829
36523504
36495628
36549304
36519031
36565794
36533141
36525737
36546841
36582083
36492309
36498391
36520187
36473137
36503322
36489047
36547598
36502058
36546431
36522946
36490233
36575844
36479819
36431935
36492006
36538338
36513395
36519292
36497691
36538966
36536907
36573600
36501327
36519421
36529813
36507124
36523887
36532640
36472031
36570455
36540602
36504705
36501164
36546859
36523073
36545898
36497245
36522579
36530004
36549711
36474532
36515299
36460578
36485157
36511832
36484731
36475611
36601518
36527293
36519339
36522948
36542855
36507020
36502624
36504335
36492568
36513350
36530055
36553702
36509539
36509832
36506574
36544239
36470462
36482816
36508759
36482956
36563784
36524142
36479721
36479930
36520276
36463763
36552479
36470124
36515490
36462119
36480837
36474085
36452299
36478819
36525271
36447358
36464768
36469674
36489365
36498689
36466972
36473609
36508424
36519503
36509005
36521035
36515761
36452078
36449717
36487509
36457143
36501953
36496723
36473721
36557663
36497304
36469360
36533453
36469016
36576018
36495343
36471880
36509991
36506871
36488895
36481985
36464894
36546167
36542319
36398661
36462467
36510231
36534845
36472237
36478328
36511920
36472141
36514866
36488450
36468011
36476974
36484179
36484618
36487498
36496053
36528157
36490238
36495891
36486659
36449154
36464848
36477031
36520070
36506374
36495396
36484890
36462002
36484163
36502605
36522034
36515642
36469635
36473245
36465790
36461792
36487815
36486591
36461517
36497258
36470109
36492325
36462578
36483299
36465028
36448838
36507130
36468501
36464582
36482626
36466640
36483804
36479052
36407118
36456146
36502059
36515256
36459879
36473787
36465929
36472307
36504499
36509368
36457225
36500704
36389249
36520461
36486002
36461518
36471714
36502459
36495987
36491601
36463564
36555096
36456377
36475747
36443670
36472059
36466371
36497024
36432551
36486505
36479370
36493545
36478742
36457034
36470384
36541565
36476363
36449194
36479746
36435447
36455446
36442413
36490677
36464731
36417140
36440298
36477998
36445818
36462594
36503886
36484026
36488194
36446661
36493691
36502335
36507616
36486305
36465048
36451470
36498686
36496616
36446979
36488256
36506657
36483918
36458025
36416413
36470446
36486202
36462977
36476105
36431908
36468172
36435600
36459705
36427962
36472419
36429216
36443169
36428172
36455843
36472950
36471451
36458576
36468245
36520060
36424260
36483966
36389110
36466165
36428028
36453429
36478883
36460983
36465115
36451800
36500290
36478142
36461326
36466004
36391059
36385050
36445350
36482464
36470131
36436441
36493729
36458602
36454785
36429806
36443951
36458321
36432121
36402796
36439907
36420303
36380973
36438999
36403599
36401921
36432513
36446393
36425759
36386159
36405774
36423577
36421417
36494493
36461602
36394925
36404394
36364033
36445403
36463645
36440265
36432009
36462925
36404886
36468078
36448148
36408163
36472565
36435160
36441507
36428465
36400147
36450865
36495181
36461834
36408777
36425998
36464340
36440505
36435121
36436110
36416106
36430140
36444842
36374808
36441138
36455677
36422207
36416209
36421535
36409096
36406290
36391642
36450902
36535496
36426182
36339169
36451957
36470286
36451465
36406935
36431630
36441412
36476056
36399429
36392118
36390602
36416336
36401028
36472010
36393240
36406926
36398268
36414504
36410762
36437867
36408092
36413947
36416567
36414895
36398770
36421532
36408612
36432330
36505154
36411725
36380464
36454699
36390780
36352339
36405851
36350090
36372863
36435504
36445394
36405460
36457205
36396770
36420999
36400179
36338444
36477971
36415607
36365636
36422633
36507053
36367137
36352533
36373256
36449190
36359229
36431968
36390569
36406091
36439113
36386807
36421701
36391077
36360056
36365816
36357182
36372383
36403509
36415620
36390624
36442270
36379022
36445117
36400636
36371554
36365145
36387065
36374478
36394746
36377450
36396307
36414413
36437809
36350494
36420023
36422841
36387067
36433899
36402591
36409136
36373363
36386571
36363423
36355359
36434171
36364754
36370755
36383054
36426971
36386743
36375347
36397339
36354686
36440625
36382126
36420612
36375015
36377048
36392487
36360051
36435834
36428643
36443193
36401785
36425665
36396200
36431570
36415050
36439287
36384196
36378649
36374337
36378912
36365752
36436125
36360714
36392574
36478184
36384019
36373564
36379282
36396435
36364716
36392339
36390777
36380258
36349132
36358407
36416815
36376398
36463063
36408109
36396951
36448726
36397472
36419237
36377834
36356080
36347661
36408123
36421386
36370771
36375728
36341979
36364719
36399282
36352970
36389676
36391876
36359685
36413669
36384133
36385626
36369755
36399922
36409265
36359082
36379293
36357458
36372307
36387738
36418138
36363775
36361896
36339887
36378608
36394887
36356492
36356982
36352818
36379204
36473442
36356961
36338133
36327272
36396387
36395659
36385520
36411961
36394002
36403622
36384655
36357357
36349656
36341499
36404507
36331321
36306246
36367940
36324403
36475606
36347262
36360886
36419066
36468171
36381048
36295330
36372719
36405244
36382133
36337982
36436357
36411719
36281066
36357109
36350731
36418232
36328643
36379704
36379675
36331815
36400999
36351003
36356354
36387878
36398934
36344233
36342366
36364295
36353700
36408081
36397268
36354859
36336390
36354956
36394215
36399490
36293013
36366695
36367584
36348345
36348443
36320022
36347669
36365076
36384782
36393816
36380801
36359776
36343892
36324657
36329361
36388618
36345372
36295641
36361916
36335348
36371616
36347914
36343531
36363847
36365299
36417920
36352663
36363298
36399089
36394502
36407501
36391084
36338224
36345756
36338098
36339761
36326277
36346166
36295014
36367505
36351335
36367761
36343875
36350398
36321325
36369665
36317812
36348646
36324754
36293333
36296689
36329136
36329438
36290492
36343577
36329191
36386899
36307818
36357199
36328689
36333752
36360072
36352518
36310311
36351415
36338351
36321109
36320791
36361382
36393374
36357218
36301261
36360746
36279553
36326060
36299067
36331469
36408353
36339562
36310929
36315625
36322745
36453973
36330662
36345986
36304113
36310601
36403799
36297575
36265542
36314913
36315583
36329348
36369402
36363057
36338023
36358413
36363290
36339342
36387056
36292884
36352462
36349036
36336124
36355627
36351830
36330301
36301501
36314446
36321712
36327717
36300018
36355549
36341426
36279865
36307952
36279772
36316690
36307410
36331555
36421861
36299082
36323530
36380521
36409157
36328103
36328453
36328077
36340755
36321777
36285329
36351342
36362810
36341238
36350753
36234127
36337096
36261721
36304858
36347237
36320496
36309148
36315754
36311126
36316536
36332100
36330594
36322737
36280294
36264620
36267671
36348406
36336881
36288552
36354606
36301604
36329405
36306683
36367281
36216202
36326227
36336374
36349778
36336236
36340246
36344730
36338747
36276439
36292000
36293914
36326134
36294921
36331017
36310642
36263425
36205958
36353419
36329739
36336043
36255901
36279259
36318000
36311697
36291910
36295209
36269578
36255649
36292741
36270190
36314757
36346220
36294282
36316081
36298075
36289184
36335341
36306410
36286414
36295875
36307071
36291712
36298927
36270268
36292914
36330466
36392546
36268286
36286011
36253741
36302277
36366836
36293447
36305737
36249429
36382142
36250806
36293979
36267496
36306624
36289588
36325888
36290804
36284944
36259846
36288294
36344526
36270278
36278868
36271463
36302934
36302650
36223707
36349114
36308852
36266389
36272451
36263129
36276158
36300497
36331528
36321946
36263494
36376234
36278948
36265442
36314133
36249797
36240348
36283803
36278482
36366243
36278735
36278085
36311170
36298239
36316540
36277855
36284447
36230636
36282448
36299190
36234860
36286452
36294267
36331721
36265508
36169285
36357658
36302803
36297182
36243845
36390364
36222401
36308011
36353519
36284894
36210149
36282015
36289939
36273082
36293682
36303725
36255411
36255104
36274174
36241854
36236008
36217363
36255292
36299646
36272351
36278412
36267051
36256940
36339583
36261099
36169848
36264358
36294119
36281167
36312891
36238984
36328943
36226435
36250266
36241581
36252640
36308106
36243370
36249889
36231845
36214328
36222900
36320832
36223083
36218285
36255660
36384478
36297158
36285546
36235573
36290872
36241198
36241260
36339550
36293078
36229608
36350982
36257451
36210931
36237348
36274631
36281904
36268174
36245053
36260435
36237113
36274570
36241452
36238245
36256948
36244479
36213258
36313093
36218452
36193323
36260310
36242193
36219540
36251195
36247208
36226048
36293970
36245343
36255024
36189033
36215852
36243872
36267685
36309220
36239205
36230743
36168404
36229521
36219371
36249841
36322538
36303338
36274827
36178539
36284919
36286156
36249302
36214428
36230954
36180470
36245311
36199812
36199090
36234896
36179900
36229809
36189254
36240771
36249745
36246701
36225858
36255958
36181548
36224925
36207287
36252155
36236533
36279278
36239581
36247528
36246674
36284753
36242931
36200418
36196286
36162614
36227879
36224742
36232930
36298703
36211762
36218659
36184072
36173576
36191615
36191205
36239051
36239907
36230282
36205729
36160640
36212575
36229249
36292085
36193637
36223410
36197265
36157421
36223992
36245591
36253004
36224133
36260159
36249754
36229665
36198462
36200714
36205730
36207491
36212093
36224749
36228104
36210425
36235556
36241000
36234724
36124099
36202956
36196900
36257473
36239874
36244444
36272781
36174641
36176174
36198366
36209292
36226784
36198708
36215386
36265045
36233664
36240277
36210028
36187630
36221061
36214282
36243775
36210345
36229563
36224678
36192087
36252326
36249052
36228877
36217315
36252539
36266248
36192781
36196978
36253649
36224876
36182626
36160783
36306259
36211608
36261554
36242612
36181992
36201902
36179560
36222412
36194741
36147689
36197119
36198308
36264029
36208000
36136755
36218577
36211983
36230318
36176609
36179508
36211338
36163710
36181872
36158726
36157466
36177146
36172119
36189399
36197340
36172099
36163472
36126882
36175000
36179925
36169938
36205137
36211558
36204918
36187925
36241324
36173518
36180730
36264511
36159468
36197134
36168295
36208329
36195677
36149719
36192995
36261686
36184359
36165892
36191769
36179989
36230394
36227611
36237190
36186237
36154233
36192882
36169292
36187724
36218408
36171294
36114770
36233269
36122593
36142624
36143805
36169507
36222470
36161955
36115322
36182387
36256208
36123331
36269889
36244039
36203005
36175152
36188311
36121922
36221397
36201273
36146414
36138659
36183929
36159624
36184346
36123744
36231637
36252212
36212584
36155555
36210321
36161421
36217316
36165564
36201314
36218612
36147751
36168958
36132492
36185586
36169904
36186258
36211263
36162591
36170354
36185752
36153317
36151040
36162713
36188009
36169689
36189376
36166050
36221201
36240349
36224393
36164944
36208244
36122935
36187024
36204200
36170982
36203167
36152210
36173175
36193182
36195260
36178252
36178294
36173987
36152507
36188767
36151327
36165397
36156822
36165615
36174066
36114747
36167701
36151794
36143426
36172482
36142414
36120129
36210164
36134108
36149460
36175416
36207239
36157550
36172470
36183586
36147572
36155922
36148960
36195499
36193130
36186673
36175006
36166054
36178675
36138830
36152032
36154467
36139856
36157522
36180260
36160607
36179195
36129643
36174987
36178985
36134365
36196766
36154931
36136866
36145557
36170122
36125842
36174814
36138952
36134572
36147466
36149308
36135359
36164620
36187719
36116701
36173567
36153615
36089356
36203620
36145912
36128224
36162733
36114581
36149530
36179817
36099200
36164595
36164330
36120744
36145768
36177140
36131108
36189657
36176815
36169338
36151924
36161017
36137374
36227393
36135107
36160911
36155161
36088313
36161394
36158362
36162009
36114867
36145665
36119953
36165482
36183850
36144795
36114543
36132937
36096044
36169488
36167279
36147856
36131453
36213223
36155207
36137292
36147526
36148667
36147097
36152125
36125855
36146927
36185595
36111612
36146101
36117846
36116227
36168154
36118065
36126115
36168736
36188015
36115651
36150249
36148879
36119370
36094451
36156718
36114354
36142205
36139771
36127667
36145417
36115788
36130052
36123367
36178877
36125810
36161729
36104728
36150153
36120825
36124551
36084990
36173663
36114818
36152451
36119104
36133513
36137631
36131356
36071886
36132147
36132112
36125605
36129070
36126416
36127469
36089893
36123923
36102793
36137671
36091721
36188692
36155890
36133595
36073308
36124956
36134502
36087061
36110877
36051121
36098151
36115617
36095035
36125832
36113104
36165870
36114783
36116103
36115572
36097770
36121682
36116191
36112288
36121042
36161327
36096522
36141110
36072346
36112115
36116685
36148605
36075967
36114128
36141125
36099365
36098961
36100794
36088874
36140919
36088269
36099118
36049593
36039598
36137815
36110067
36115006
36102789
36134795
36133598
36128020
36140092
36118904
36108312
36148396
36125711
36128481
36069459
36107638
36152030
36122430
36172585
36078024
36088054
36068216
36193926
36103369
36128380
36048587
36099299
36101120
36092581
36089653
36135202
36107388
36075595
36082524
36106658
36112182
36049628
36098068
36092386
36088670
36094869
36068650
36097137
36114014
36161020
36151502
36083875
36104774
36107724
36089736
36084406
36081806
36108643
36076145
36085684
36116552
36127672
36068554
36085341
36115048
36150781
36050064
36079113
36060850
36096750
36074840
36096306
36083148
36095064
36094871
36106524
36100762
36091989
36067612
36070408
36079063
36067840
36051829
36087916
36068673
36090939
36082708
36137795
36165679
36127095
36081643
36071986
36059458
36089631
36114979
36126525
36112999
36064519
36118135
36094286
36078597
36075293
36103379
36063107
36068439
36106722
36116345
36067381
36085464
36096621
36055256
36046674
36106427
36074082
36047798
36081739
36079206
36061137
36102676
36122181
36073150
36126362
36099921
36060609
36049322
36056050
36094107
36072447
36044818
36076656
36049183
36036059
36058481
36017165
36086047
36064122
36079619
36078478
36053383
36135335
36057279
36092732
36126518
36035694
36054655
36064011
36059821
36081905
36096764
36053107
36039156
36072449
36029293
36056068
36060874
36148560
36069725
36125723
36129771
36100145
36067240
36088011
36093486
36071438
36080387
36072696
36047707
36047327
36034133
36072774
36068824
36081991
36070877
36045101
36048359
36061220
36076652
36087060
36019910
36126029
36062448
36061290
36055842
36055456
36060419
36071791
36043803
36099435
36046218
36014231
36077628
36024526
36046126
36039920
36019997
36074994
36063121
36032251
36055955
36032262
36093525
36051270
36079823
36028734
36058842
36037160
36043294
36062495
36024127
36032371
36049326
36054626
36065238
36069268
36059822
36030490
36052029
36057337
36052972
36046696
36039502
36046081
36074513
36060982
36052907
36097358
36058859
36044316
36027531
36068330
36023841
36072006
36039160
36056171
36087510
36052931
36057905
35962704
36052470
36038961
36046417
36019005
36018840
36110128
36042061
36077505
36087117
36035281
36085352
36027927
36046925
36039661
36051355
36031461
36024012
36005898
36000989
36020049
36053104
36029498
36027309
36053661
36028557
36045182
36030330
35986119
36033199
36056980
36011258
36020079
36016646
36058312
36050714
35978963
36082076
36028950
36022948
36016941
36063507
36039624
36097537
36069393
36025993
36049626
36042183
36042948
36052049
36024172
36019211
36046386
36004999
36002821
36021224
35985421
35991997
36035810
36003763
36029244
36050087
36009130
36022422
36002042
35998254
36022550
36047300
36047233
36000565
36092330
36007290
36021557
36013871
36048424
36014228
36053387
36005268
36024143
36010985
35997803
36031433
36034279
36027256
36054480
36090197
35999756
36017493
35998993
36003805
36005669
35991877
36031239
36033692
35998205
36018307
36018061
35992957
36012497
36012990
36017496
36007453
36007286
36000282
36077271
35995063
35995230
36012726
36002372
36025698
36011457
36033469
36006918
36025850
35993618
35967292
36019760
36026691
36015020
35981821
36002920
36008906
35998806
36012914
36003910
35987609
36008998
35975561
36011562
36012986
36062193
36007178
35991063
36057453
36051491
36033791
35971494
36003711
35993936
35994078
36007207
36003481
36001560
35983518
36001842
35997847
35994615
36025062
35992524
36061956
36023245
35989465
35997727
35998803
36003427
35989360
36009677
35963553
35973591
35984743
35946104
36042777
35986769
35973535
35965665
35999552
36023593
36002411
35985289
35986659
35985313
36032630
35996174
35980865
36023750
35989971
35988003
35986630
36031684
35944750
36014785
36036271
36014035
35994876
36031735
35990553
35966354
35937612
35983158
35952125
36053105
35974176
36008914
35993469
35975050
35973755
35974380
35975179
35982346
35955745
35981339
35968922
35982190
35976311
35938196
35988670
35984182
35953563
35998668
35955053
35942980
35982785
35930008
35962019
36023670
35973465
35970051
35966147
35993635
35974621
35988591
36058778
35978782
35955270
35971093
35951351
36000117
35976526
36059453
35980594
35969823
35941143
35985781
35980458
35938760
35950360
35980614
35959237
35959473
35971089
35934681
36003273
35970687
36043416
35993468
36003664
35990742
35967912
35969887
35974957
36021825
35937565
35924100
35931999
35972518
36016062
36015033
35952250
36017119
35972255
35962636
35940362
35968829
35958567
35987785
35942776
35985492
35930026
35995620
35952737
35988220
35955220
35970058
36031479
36053482
35982133
35971182
35960997
35983338
35982095
35948071
35911035
35967102
35980681
35919949
35950815
36005131
35934144
35962798
35954024
35945258
35985047
35945677
35974444
36006403
35968584
35971098
35945973
36000324
35945480
35965503
35930153
35929277
35943173
35949080
35973502
35968910
36007771
35943717
35968260
35979356
35946107
35977434
35938176
35965549
35886788
35958697
35931482
35968708
35979288
35943454
35929137
35939731
35948950
35946285
35965355
35925906
35926566
35940417
35919224
36029946
35974717
35967800
35981787
35941211
35934447
35941136
35947612
35945149
35956027
35987058
35947456
35943357
