39989997
40069726
39903174
39986510
39801259
40035056
39841304
39850398
40050289
39839524
39968304
40080122
40034695
40023456
39959433
40023390
39912594
40023417
40066205
40023438
39866975
39995528
39690783
39895600
39993138
39997118
39976479
40009095
40023919
39837196
39721626
40030151
40071344
39979612
39950767
39935551
40049818
39915489
40057929
39918066
40052112
40048973
39674398
39943786
40049861
39768476
40071878
39832296
40000156
39979637
40075869
39888475
39777553
39616884
40023932
40054037
39815356
39722919
39696690
39954824
39946703
39901831
40044316
39918215
40033135
39988095
40072001
39787075
39897309
39919243
40043641
39835511
40075500
39992334
40034816
40047174
39893410
39933104
39927550
39697708
39872169
40084753
39990230
39996471
40042614
39947122
40010063
39982257
39790729
39738524
40079493
39966570
39961052
40089099
39723989
39985028
40086690
39838705
39944023
39672138
39853273
39909879
40011017
39936903
39966367
40049382
39727066
39917336
39823212
39760318
40038286
39932417
39832853
40054604
39902382
39693784
40037099
39787542
40067496
39896645
39935947
39960782
39996581
39993058
39673982
40055744
40082737
40062535
39849777
40061372
39668897
39699467
40040307
40054912
39653683
39714086
39980933
39907938
39877138
40006000
39801060
40067583
39792240
39919558
39918157
39886946
40023954
39855112
39708425
39948135
40017243
39884944
39814552
40000722
39730567
40075903
40040078
40021022
40073898
39873645
39739147
39994093
39704876
40045443
39774536
39903901
39893525
40045779
39833301
39591140
39678187
40050096
39944956
39978106
40063929
40071802
39700303
39704163
39808267
39959438
40066204
40086602
39994902
39727716
39975026
39732633
39986142
40056600
40049085
39698345
40036975
39882335
39949504
39907648
40086659
39944543
39978559
40055155
39924365
39954526
40001792
39813484
39924654
39753579
39927885
39944040
40076732
39930224
39995607
40082621
39800620
40034294
39844747
39750090
39893618
40034526
39887480
39739738
39934944
39702947
40035025
40083609
39636006
40080109
39849508
39941346
39868846
39909533
39963701
39982778
39650876
39966877
39876774
40019133
39648499
39711715
39714462
40056019
39832003
39947541
40078597
39604856
39876789
39720746
39859358
40024356
40086482
39914510
40043648
39943965
39908616
40077044
39803812
39635774
39724710
39926228
39741572
39807719
39847077
39781487
39880646
40080854
39597106
39556197
39789616
39745582
39752529
39769765
39758084
39695729
39643249
39739721
39902768
39800617
39902457
39857711
39846045
39826987
40003970
39742166
39708840
39918098
39820853
39753056
39836072
39759081
39735301
40084831
39616392
39766888
39785876
39819615
40043875
40019030
39896664
39753930
40025165
40006612
39916483
39839739
39920755
39854838
40045571
39673208
39822097
39989035
39831623
39877347
39484724
39668077
40014686
39882979
39929434
39821844
39545277
40048115
39769915
40041990
39695426
39735779
39799479
40017287
39778909
39930213
39611376
39806373
39532863
39707115
39615945
40043821
39884366
39814339
40067201
39914947
40024322
39753825
39912714
39618088
39697455
39769473
39703176
39510824
39706362
39838783
39875765
39510866
39603361
39908112
39637939
39780918
39949171
39708167
39598214
40062587
39987078
39828608
39741218
40037462
39655013
39603040
39959265
39727379
39971904
39917552
39846500
39827159
39560966
39842987
39755488
39702409
39970969
39849633
39731216
39969345
39913586
39785053
39721349
39582382
39851967
39772185
39924328
39842076
39671564
39747044
39784654
39907326
39761558
40005423
39587130
39816107
39831313
39687427
40029229
39711912
40033962
39703437
39571699
39711742
39576180
39722216
39700286
39740556
39721809
39817734
39609016
39835224
39771830
39801130
39813856
39710534
39671229
39731291
39734438
39763215
39668232
39665855
39465893
39612198
39592599
39981691
39720018
39976402
39915124
39733582
39507519
39721836
39729622
40035991
39796059
39705492
39607147
40006253
39814976
39532086
39765849
39688679
39912058
39824355
39928237
40038339
39723575
39964332
40049439
39742573
39673741
40069307
39717388
40070283
39781347
39836817
39692530
39621672
39546234
39755029
39821467
39621481
39972159
40041625
39681772
39683885
39713516
39607529
39858797
39671078
39623514
39387545
39684459
39768031
39730133
39955499
39708819
39617154
39762971
39616351
39541177
39711394
40077106
39833207
39652659
39607603
39848316
39726668
39743007
39757366
39564663
39579185
40025380
39898567
39674209
39519509
39574924
39815726
40017754
39706198
40007873
39805683
39540650
39865371
39605733
39524721
40077925
40007711
39735493
39707817
39729311
39939021
39763448
39700783
39721116
39994098
39686918
39864205
39704243
39605883
39596952
39578913
39668775
39864005
39521229
39694553
39828688
39445631
39759274
39801733
40058433
39883619
39613785
39717174
39706292
39781080
39760861
39789948
39607947
39612172
39706857
40066555
39814055
39657488
39516265
39665682
39561469
39570149
39532050
39717995
39788658
39610459
39571151
39715491
39867637
39724476
39670420
39516546
39595809
39775559
39610855
39853698
39771284
39606480
39486834
39982468
39745493
39573204
39709128
39540816
39569797
39883075
39585506
39622088
39478404
39508443
39779573
39536270
39723024
39969209
39760021
39521826
39828535
39542065
39567463
39530448
39925336
39544186
39497383
39526527
39621539
39909793
39683460
39698499
39983677
39458615
39966445
39853503
39597599
39770180
40009407
39565788
39834855
39687395
39619025
39529607
39725968
39428858
39696296
39715774
39673330
39737516
39834256
39512707
39587572
39769387
40001766
39585060
39399911
39686459
39685590
39447177
39655393
39549394
39673933
39623293
39600913
39647960
39696755
39482682
39532513
39607309
39476381
39621513
39542338
39559971
39915972
39582663
39689918
39732261
39504913
40029421
39693188
39478250
39790913
39841755
39601271
39601109
39611266
39755775
39590760
39416539
39450093
39567568
39577211
39681819
39531741
39532712
39715413
39533175
39545952
39516902
39673849
39985447
39647136
39561149
39397429
39535294
39707767
39707938
39820493
39509739
39644390
39536925
39559216
39538270
39457976
39600153
39567197
39444428
39881167
39452822
39811290
39496020
39524451
39708809
39736016
39572161
39528303
39584380
39483436
39559617
39689730
39753996
39966672
39545400
39984876
39582544
39528094
39467937
39661580
39493285
39559341
39649715
39788070
39645722
39572735
39546304
39533129
39578788
39591677
39526540
39494189
39528237
39593369
39398910
39396693
39538141
39594976
39531350
39513544
39398164
39326650
39577581
39580209
39841955
39658045
39650275
39658751
40019760
39598678
39562734
39472097
39663839
39481724
39558475
39552052
39622074
39606949
39588123
40088994
39816699
39497713
39620854
39581298
39909054
39399784
39589700
39397595
39587544
39542375
39500178
39524145
39900026
39589313
39477486
39746257
39576329
39571956
39722857
39914804
39608506
39603869
39559409
39509841
39533892
39518102
39493198
39508067
39541122
39536658
39639791
39587479
39384416
39542623
39588464
39561953
39513727
39502769
39539935
39924367
39563814
39449948
39406141
39702052
39424871
39545778
39369631
39448594
39609564
39531252
39549145
39477274
39832393
39413452
39336832
39398206
39570167
39573941
39380430
39532134
39582842
39687797
39618712
39445297
40032392
39298192
39630293
39456356
39908787
39533458
39494047
40061179
39240666
39466385
39508727
39539707
39562443
39532646
39503744
39601368
39530288
39350241
39640605
39350264
39412782
39307407
39485452
39511274
39585367
39594861
39590558
39400667
39559327
39563072
39524739
39778664
39482278
39533250
39564558
39552511
39297248
39536163
39564338
39473539
39485721
39811184
39568454
39448681
39384625
39301823
39592811
39616688
39535647
39454004
39488318
39465531
39550218
39457410
40041517
39836730
39538396
39737780
39516855
39764812
39485839
39507951
39520074
39673494
39301917
39564720
39568210
39522666
39604294
39448862
39399572
39358884
39492106
39570550
39712847
39374426
39515249
39458230
39431401
39399057
39474469
39398414
39404597
39470607
39486768
39527098
39431775
39458165
39500730
39392915
39529977
39495318
39403462
39461429
39513275
39531313
39549129
39479487
39354106
39419471
39442869
39422084
39562568
39799165
39494753
39373591
39594583
39504467
39576910
39541464
39498166
39491739
39434700
39417861
39449588
39475576
39504501
39542285
39440051
39419713
39390886
39476282
39494332
39394829
39420154
39421219
39391451
39636184
39449033
39366648
39540534
39525384
39535820
39489108
39681902
39276031
39473610
39309942
39409732
39505627
39584298
39451665
39487203
39238566
39517843
39861279
39337524
39625779
39293473
39341970
39607489
39431334
39548761
39318053
39561139
39550770
39481047
39362458
39489731
39501493
39488931
39458905
39423711
39442402
39388946
39541902
39397133
39580762
39730142
39375454
39435510
39515212
39338508
39343004
39601358
39590868
39463356
39417519
39428675
39564856
39517763
39280446
39670205
39494250
39552595
39380768
39493177
39406300
39401287
39497787
39405454
39404685
39701096
39349026
39493427
39426410
39479450
39419368
39620976
39243393
39438346
39395142
39502174
39478415
39557858
39736196
39564293
39711485
39586914
39364316
39535924
40088085
39530628
39344848
39331417
39403740
39594946
39453735
39587887
39245927
39470536
39450523
39412761
39511869
39359205
39453264
39455726
39549895
39581402
39580092
39461566
39425381
39327416
39363818
39412307
39516446
39443834
39402425
39396579
39400262
39446313
39554841
39389712
39516761
39448211
39373655
39386835
39488585
39356202
39490504
39476813
39508711
39414982
39308489
39423936
39419502
39499996
39478996
39432250
39473939
39402026
39489560
39305211
39373534
39340315
39465230
39451278
39432473
39386245
39448041
39271101
39406075
39477349
39460431
39396374
39376729
39603334
39431249
39479189
39764094
39445817
39382242
39233112
39403317
39322937
39539033
39356468
39405899
39486461
39451053
39383337
39437936
39494723
39446643
39301886
39746727
39515292
39411646
39402210
39511061
39455735
39386106
39390458
39477303
39337399
39420797
39362965
39845382
39376329
39469982
39522000
39439033
39498153
39300814
39329432
39499140
39322133
39480681
39325614
39338571
39436344
39403062
39412061
39429157
39337440
39287484
39391473
39389290
39430122
39554976
39350192
39951172
39578821
39479426
39303881
39330704
39348283
39316143
39340741
39429284
39376592
39399884
39544683
39399795
39197841
39436741
39428268
39461596
39497474
39531430
39472213
39396869
39460249
39408437
39464918
39493292
39405006
39400776
39496254
39635115
39398421
39391240
39420447
39220184
39352285
39452170
39165119
39504381
39340952
39375677
39492132
39386129
39298581
39526509
39377077
39235321
39437276
39472653
39359103
39469635
39361052
39397911
39459452
39263971
39379830
39338588
39403363
39309243
39518265
39376100
39368172
39289057
39164437
39282195
39577737
39429627
39346047
39410352
39319353
39338213
39376738
39314737
39364782
39340651
39397851
39352141
39424706
39364929
39317770
39409672
39238190
39505511
39318282
39311417
39495960
39606608
39364957
39444397
39421065
39185147
39343038
39337305
39424236
39358414
39743795
39339424
39336649
39340143
39443226
39421946
39345997
39427192
39441068
39302982
39232398
39327038
39276279
39396405
39316261
39458827
39297922
39415165
39534573
39486371
39243985
39331619
39270894
39317071
39405624
39348690
39268314
39296708
39436052
39285135
39249914
39152578
39292927
39326002
39319684
39399159
39450876
39371327
39324929
39578471
39269245
39361142
39240960
39413470
39277511
39250921
39237623
39726914
39308518
39347992
39421226
39459251
39298422
39366356
39351367
39146302
39455289
39246622
39391885
39343811
39242688
39237947
39260313
39292055
39182089
39437318
39336840
39279599
39257213
39252355
39253891
39398841
39258604
39352518
39412910
39236198
39282099
39341831
39337505
39235803
39354495
39309153
39364784
39280049
39332078
39316717
39322093
39250344
39312279
39209075
39387860
39232428
39278664
39361810
39333407
39266151
39622790
39354908
39255205
39272332
39280450
39683767
39362073
39308214
39256659
39319654
39309417
39340935
39346320
39144814
39249110
39443313
39327244
39338346
39181932
39228860
39357366
39338192
39362533
39346405
39154756
39297287
39242084
39232587
39303581
39173268
39185410
39149577
39228211
39307777
39331484
39325205
39257719
39473344
39547047
39171955
39315848
39249858
39334573
39364603
39346668
39275094
39408578
39305932
39289998
39367337
39276125
39365201
39225916
39326669
39374341
39367331
39309129
39301520
39613931
39221162
39432916
39280963
39314399
39261570
39289526
39330642
39168147
39278152
39315851
39270497
39310041
39264720
39223910
39231778
39316472
39279837
39457262
39270217
39300054
39257833
39315956
39253055
39448497
39465154
39342791
39384920
39318207
39278551
39344755
39391002
39369578
39412499
39296386
39357174
39203923
39242490
39338378
39272384
39311483
39300005
39328862
39217090
39378942
39443884
39320311
39314906
39231994
39127385
39328336
39385370
39175569
39204022
39247316
39230882
39175919
39228985
39370545
39216409
39313917
39183979
39303589
39311735
39316296
39618762
39186234
39255588
39211989
39281380
39283282
39169776
39273086
39392887
39363875
39241225
39337038
39168504
39307383
39263382
39227176
39203894
39264072
39199011
39284127
39223851
39187803
39315696
39178087
39177485
39234980
39095303
39195285
39154862
39405228
39203917
39289075
39361028
39244797
39332626
39391390
39239246
39236674
39239427
39180153
39306032
39189836
39340389
39340619
39238543
39291346
39427303
39273914
39250511
39174005
39230481
39421460
39244738
39194610
39234804
39357849
39572733
39151473
39245117
39316807
39233874
39268085
39164156
39266755
39352177
39305930
39349425
39218343
39381419
39246998
39187748
39294991
39175298
39187546
39318635
39264038
39197633
39247299
39299930
39036048
39312702
39224693
39219040
39335426
39324470
39318737
39005529
39224550
39478178
39255536
39184603
39131710
39234500
39197693
39147373
39121605
39137744
39122147
39004612
39277080
39251793
39175035
39212105
39178114
39288748
39147672
39107448
39203322
39198807
39163478
39128026
39171133
39207996
39161381
39221351
39045923
39134762
39216126
39269162
39205656
39306242
39264355
39156563
39145609
39265776
39224232
39266913
39149902
39337109
39206589
39261576
39163254
39201253
39123660
39184769
39261239
39246166
39163498
39292179
39258876
39218917
39155772
39179134
39148835
39136191
39135772
39247736
39235679
39164741
39388525
39167305
39105413
39206670
39349395
39180927
38981338
39167250
39198359
39101778
39137732
39247377
39217308
39041736
39192855
39148970
39093340
39146502
39197656
39151623
39093675
39296231
39238955
39337345
39269542
39175829
39125069
39243676
39194220
39202606
39097991
39216764
39280796
39351131
39197168
39253560
39128561
39136522
39252347
39371288
39225791
39211129
39317826
39085770
39163828
39205839
39186347
39180812
39248973
39012493
39134436
39153074
39094617
39087903
39175923
39341342
39264183
39098155
39102153
39139172
39293409
39187714
39240404
39065309
39236686
39263569
39216055
39155345
39231637
39191813
39181172
39413018
39193042
39117665
39196267
39109836
39103514
39329613
39068038
39108174
39226314
39250531
39164453
39218249
39149732
39169045
39291519
39177171
39096593
39147323
39276942
39276904
39135889
39147836
39116127
39122470
39133951
39320530
39117783
39134061
39193173
39116436
39209914
39051726
39141538
39164768
39241985
39113390
39237931
39097784
39108315
39155647
39104763
39079767
39065113
39111113
39267163
38986262
39074807
39007969
39193451
39027903
39260770
39268921
39120027
39094741
39127551
39155045
39328015
39051502
39344695
39336302
39187331
39201505
39124845
39146476
39239557
39082503
39254559
39158132
39200694
39112301
39226956
39070148
39183282
39096559
39203574
39165258
39078677
39030653
39286867
39206025
39108673
39148752
39208631
39073502
39145120
39203486
39184165
39288273
39300810
39167790
39187730
39188125
39108985
39120731
39175907
39117544
39124836
39158617
39099151
39148790
39152348
39178772
39096658
39032246
39275805
39056586
39078762
39074383
39079620
39135780
39039266
39118541
39126612
39076086
39138288
39073578
39117118
39176338
39253233
39184657
39109684
39091572
39207481
39253791
39032910
39093752
39003934
39084216
39129246
39099338
39089137
39195924
39128772
39208860
39039089
39083210
39057371
38980751
39103949
39018752
39046822
39232302
39181166
39064086
39149900
39068271
39116968
39163049
39228139
39199101
39117732
39101052
39158235
39135958
39010486
39103226
39159431
39121991
39078287
39086297
39086149
39139516
39098056
39005573
39241269
39117731
39070265
38936977
39125275
39041561
39042314
39142609
39064191
39325316
39083098
39160070
39355259
39078689
39035369
39139254
39113714
39073680
39152950
39074157
39132126
39100960
39089580
39171377
39014756
39162908
39099309
38986905
39107232
39210513
39086988
39045812
39219580
39074666
39043566
39192672
39096624
39145244
39079709
39098530
39031931
38993076
39102091
39084241
39140512
39153192
39115376
39025264
39137896
39124534
39250058
39036666
39113315
39107498
39101160
39074366
38993523
39009384
39080587
39056811
39059274
39087825
39099913
39097436
39144536
39125277
38980873
39099414
38972505
39090772
39017046
39010440
39067904
39013468
39104992
39096444
39069628
39116422
38985286
38991175
39052361
39171727
39026365
39100397
39134804
38944516
39108341
39056555
39148841
39061383
39070584
39001383
38892182
39159816
39065426
39121109
39095096
39036822
38874264
39071625
39100188
39106613
39102021
38991912
39037847
39035119
39123637
39079216
39044188
39039402
39111254
39270439
39039670
38986944
39036261
39108970
39069085
39037633
38993082
39180826
39106221
39054962
38987678
39032846
39037773
39134657
39189938
39053043
39212518
39193151
39075268
39082507
38895564
38907447
39046571
39326224
39089998
39023666
39016074
39062443
39050474
39063813
39099040
39087267
39033209
39050734
39070064
39010242
39077693
39030611
39010177
38949571
38982337
39057796
39059488
39192219
39058676
38982676
38945230
38992858
39005634
39004623
39027098
39036234
39025795
39082838
39044829
38972290
39024620
38988666
39033634
39101467
39009853
39011430
39029928
38945284
39090000
39015705
38944029
38982303
38997712
38994129
39015228
39082011
39089434
39011996
39083965
38964612
38992105
38995153
39080465
38914236
39034748
38984168
39085711
39038516
39026478
39012093
38966474
38999834
39054579
39101380
39003290
39028383
39092755
38949645
39057990
39051280
38973234
39041968
38962740
38998515
38982875
39099706
38968230
39079248
39098375
39046636
38914001
39043676
39068847
39132335
38966890
38913651
38911420
39098379
38995027
39084307
39068977
38987119
38957403
39120135
39011580
39083547
39074323
39107878
38901272
38995587
39053181
38965662
39085233
38891183
38928815
39036076
38950440
38959416
38989201
39044309
39042462
39029027
39030911
39013808
39014426
39046115
38960954
38870360
39059630
39007714
39059834
39018342
39058628
39070816
39218586
38970565
38986690
38957612
38958640
38945140
38980566
39027573
39061079
39142703
38971575
39008809
39011634
38907856
39055137
39037082
38949882
39047567
39048294
39016387
38951134
38934397
39157695
38975700
38959039
38921681
39108568
38924983
38907958
39038468
38927073
38854320
38986710
39020929
39021630
39049492
38965705
38891976
39006815
38951373
39117759
38977730
38979566
38960818
38931745
38946835
38977000
38937112
38999692
38983774
38943630
39050796
38976470
38979825
38995355
39039717
38957430
39052201
39019595
39053898
38886181
38942765
38982602
38983797
38947248
38900855
38920691
38975555
39090754
38923744
39111868
38981129
38979353
39037892
38884093
38952326
38850006
38975426
38916257
38942833
38874479
39073556
39007734
39074306
38885716
39053542
38945352
38979404
39019126
38983595
38948237
38938537
39028947
38978706
38953670
38889865
38928490
38855507
38967945
38950858
38948771
39033889
39036426
38914132
39013509
38959163
38883767
38994391
38940418
38884061
38986946
39010287
39074087
38968945
38953624
39074848
38951918
38906698
38942286
38978382
38913041
38970869
38872380
38952080
38973967
38901192
39024597
38989204
38952886
39024590
39016504
38902348
38781653
38914678
38985850
38889670
39015096
38914030
39024381
38950270
38933068
38981606
38893605
38885865
38834069
39007069
38930224
38954678
38991509
38958087
38958204
38934915
38753009
39021474
38957103
38879545
39058161
38847377
38931138
38884250
38927892
38895964
38895136
38885663
38954903
38828634
38915589
38875340
38992303
38961473
38875724
38926807
38949109
38977628
38966272
38887651
39026433
38997584
38976451
38971098
38911379
38953761
39037179
38794661
38932374
38862339
38951721
38937819
39021415
38910958
39053738
38934091
38876169
38808809
38861557
38904062
38906895
38957138
39007123
38934174
38906225
38940908
38944673
38850045
38864685
38921412
38876297
38906212
38877480
38933379
38818434
38889408
38867564
38836286
38905633
38992454
38807320
38851890
38881847
38992690
38861216
38827877
38870017
38841795
38946810
38988482
38913273
38855181
38916351
38926715
38872050
39049608
38974445
38892522
38917503
38909046
39007054
38790000
38868653
38857457
38834999
38842457
38956155
38857198
38818067
38796072
38942267
38944165
38804841
38779722
38879039
38953060
38771972
38894336
38959657
38898551
38837402
38945411
38866635
38726789
38936865
38905380
38884633
38953976
38963334
38788801
38904934
38852846
38950160
38802320
38885060
38873874
38868881
38884154
38801098
38863851
38856524
38848029
38922751
38740712
38875967
38884136
38910302
38841140
38873548
38920992
38950343
38841072
38939574
38848111
38847268
38857213
39014841
38795106
38937011
38823205
38969500
38876042
38957455
38886528
38829084
38896276
38684298
38851394
38836001
38792522
38870059
38829423
38859511
38792335
38784749
38788446
38837354
38878639
38785570
38895458
38986294
38815101
38827747
38945994
38784669
38844122
38887817
38879099
38836514
38806741
38868900
39058171
38877100
38863694
38785732
38788121
38848955
38803643
38887769
38773360
38804627
38825701
38805622
38919094
38900873
38880020
38873616
38791811
38968420
38964673
38823272
38830379
38850965
38911977
38793512
38866102
38842255
38785791
38863219
38898873
38803616
38826398
38839474
38742161
38843838
38855047
38894957
38859066
38841748
38933616
38820806
38737925
38862390
38887177
38843755
38826830
38776925
38795628
38773697
38792391
38865815
38789176
38818050
38845134
38933932
38605415
38849040
38810490
38990765
38770584
38785226
38884036
38778816
38831822
38832743
38842958
38864481
38884681
38783351
38812894
38817766
38849588
38860361
38893327
38787285
38743685
38942164
38872279
38834164
38757427
38870541
38944783
38833571
38808295
38824835
38947913
38899309
38822984
38733559
38874665
38861888
38788036
38851696
38839599
38848261
38903283
38825583
38800678
38752859
38787097
38817296
38895234
38749544
38804566
38933397
38804107
38857651
38926328
38782954
38884900
38857500
38733900
38767873
38873046
38831374
38853288
38863132
38871808
38784612
38758567
38900659
38823053
38721899
38749293
38874871
38829415
38859068
38839855
38770754
38848855
38786647
38872197
38992236
38757300
38806436
38848904
38711369
38821998
38828168
38870326
38798299
38752479
38795773
38709707
38817961
38807563
38805836
38859405
38791113
38830413
38747819
38751675
38760335
38560087
38775226
38880637
38797588
38654810
38873219
38752496
38699560
38893375
38735568
38820969
38808539
38789141
38794636
38847266
38850206
38781023
39027751
38809718
38792360
38794593
38756374
38781404
38859745
38783914
38835372
38805994
38880877
38769203
38754247
38893502
38814625
38742106
38873885
38737260
38721431
38737783
38793107
38725528
38808487
38755579
38793232
38758966
38811970
38798754
38718707
38748567
38760879
38748958
38694368
38906881
38764855
38785589
38827065
38935479
38759416
38710460
38755036
38694659
38865832
38802325
38759051
38732280
38857066
38692259
38813472
38733424
38875983
38854440
38804531
38795824
38878581
38778374
38748221
38741227
38837693
38672342
38772052
38751925
38713427
38810120
38810157
38732935
38871677
38724009
38746273
38726248
38916667
38765238
38603276
38803460
38788506
38739286
38758341
38752981
38750105
38783542
38823115
38704393
38726632
38732260
38739003
38753850
38869565
38728403
38826654
38899928
38869573
38770067
38865609
38721941
38776184
38738316
38752789
38747398
38736155
38730843
38742280
38721176
38673769
38691584
38789873
38842897
38593382
38797106
38834765
38736783
38770653
38679796
38791225
38724434
38775218
38774353
38725874
38767318
38729597
38796428
38698199
38715137
38672484
38884686
38691962
38842931
38760726
38619949
38792017
38690509
38653160
38775742
38739434
38775319
38618348
38777438
38765250
38745882
38780419
38756195
38681762
38669162
38703828
38663753
38852147
38864418
38797493
38761721
38713630
38751064
38678886
38657166
38776139
38733965
38644347
38749455
38694644
38796814
38783613
38644449
38669758
38741779
38708225
38654760
38787755
38818065
38703943
38618350
38783118
38802318
38762889
38745176
38724990
38576358
38702615
38698374
38801668
38640131
38757961
38715149
38661424
38614613
38731831
38695967
38682618
38694399
38721990
38800039
38636524
38742526
38751754
38552757
38756721
38673315
38754440
38597132
38663599
38753537
38671398
38780617
38725911
38774064
38731388
38710582
38715034
38720397
38784514
38767370
38628236
38753011
38732523
38753274
38733833
38620683
38735608
38825122
38736941
38719779
38713353
38714144
38651626
38819995
38674521
38647393
38685015
38602651
38705423
38645988
38663720
38685018
38763949
38745955
38577821
38763989
38695542
38633966
38628606
38678381
38797388
38689396
38731965
38776148
38670510
38678734
38767078
38640928
38664662
38846743
38800931
38727253
38657251
38652161
38672929
38695283
38845312
38721581
38644051
38707510
38689430
38755712
38700592
38680881
38718242
38554307
38691313
38735981
38690652
38661668
38658607
38701633
38732341
38664165
38691262
38671649
38824534
38640184
38711444
38618190
38631928
38628006
38769111
38694940
38747947
38811541
38611140
38720101
38764084
38684123
38551581
38629607
38612822
38717123
38650308
38669474
38654829
38624630
38633817
38660037
38647302
38638905
38603282
38680901
38740446
38697139
38624350
38766517
38600610
38700769
38643564
38582896
38786719
38590530
38633007
38791146
38685805
38705921
38489743
38715328
38698406
38734367
38547085
38819885
38702670
38727665
38549974
38665718
38628258
38599919
38710658
38620501
38673413
38646185
38765233
38694625
38580238
38617279
38753227
38601934
38595890
38601232
38739973
38584067
38616082
38657889
38599715
38513179
38656041
38716322
38688203
38759109
38557909
38671505
38696243
38671444
38750702
38706095
38737281
38603629
38621877
38627874
38761221
38678622
38554690
38655975
38489316
38613860
38743568
38650032
38600782
38555823
38598513
38708662
38616286
38617331
38654724
38514115
38636061
38524421
38610379
38783020
38682000
38614872
38650262
38647043
38608050
38681331
38504189
38581506
38651904
38669015
38613323
38634991
38591542
38629248
38619021
38620076
38675644
38599461
38807316
38738995
38522665
38559519
38728653
38601747
38669065
38580105
38529763
38668504
38688001
38640308
38685602
38719512
38638830
38621066
38702412
38576736
38594931
38602189
38609901
38664416
38633397
38567478
38690936
38616405
38625781
38716574
38621311
38557370
38605558
38602922
38642199
38673532
38821326
38660074
38529636
38471736
38542245
38602598
38642328
38704010
38601030
38593008
38606546
38612135
38640282
38650946
38687022
38633050
38790496
38676056
38544971
38471567
38695049
38564639
38717651
38601590
38594480
38555151
38574284
38599063
38684576
38677884
38666230
38602821
38662101
38642111
38600567
38514690
38499214
38608739
38610134
38604371
38588272
38673179
38539899
38595679
38530077
38661906
38561165
38625063
38518418
38523176
38651321
38575271
38637788
38575296
38574630
38614352
38489386
38560186
38606252
38556754
38704513
38576499
38551370
38575020
38512472
38685939
38577782
38576076
38549345
38669636
38696332
38575766
38668199
38532196
38638637
38513121
38644405
38574048
38578590
38563777
38713060
38522567
38603631
38510846
38645037
38637779
38624634
38541624
38625610
38587378
38611133
38434153
38641102
38535447
38561314
38574999
38564397
38562556
38558061
38567694
38627994
38539293
38583850
38786080
38606175
38578147
38583001
38698418
38651362
38628911
38530270
38557398
38658142
38605396
38559172
38631590
38567338
38661059
38570351
38535371
38635403
38607523
38537048
38575627
38548868
38591038
38569220
38546573
38626538
38592954
38555498
38572327
38857123
38617642
38556315
38547173
38459427
38491088
38552852
38720235
38538380
38500283
38571470
38655410
38565964
38717164
38629062
38522527
38546647
38561063
38574639
38604443
38622279
38525808
38521814
38554908
38597334
38560607
38536644
38477525
38520828
38552143
38588400
38511700
38539617
38631888
38543550
38574909
38453536
38507399
38534427
38471279
38495429
38548228
38555004
38503770
38535348
38548444
38588716
38539866
38567776
38560128
38639371
38555808
38497973
38590649
38477102
38623329
38508423
38485802
38574055
38645287
38643705
38511732
38504845
38536643
38551241
38474931
38495222
38581734
38692217
38549133
38605183
38723573
38446630
38577193
38546142
38521009
38696621
38489422
38475722
38499073
38534065
38581177
38630628
38485800
38687762
38537007
38542537
38589213
38557849
38479486
38504228
38519366
38548520
38469910
38539953
38508670
38622677
38548107
38573756
38533730
38546049
38570595
38485904
38561272
38521509
38538167
38389227
38533442
38511501
38561767
38454836
38455954
38492533
38576730
38563864
38515521
38470230
38501103
38456857
38500072
38519524
38557089
38542195
38474946
38515688
38529693
38425573
38459746
38504883
38563880
38524474
38459982
38465676
38503788
38478960
38602080
38530428
38536766
38520172
38503946
38532911
38535565
38476593
38534211
38369270
38467406
38561021
38514300
38636117
38602993
38447326
38534080
38525739
38550026
38496709
38544979
38483119
38487163
38470730
38474948
38505584
38488646
38521309
38384118
38496633
38513975
38444221
38451336
38458848
38576813
38562060
38569924
38547120
38530076
38447455
38492304
38551889
38571543
38491865
38546073
38460662
38450992
38459700
38608048
38485421
38572626
38478311
38482122
38453953
38499813
38527906
38507851
38496456
38513078
38452909
38483240
38517535
38489845
38427498
38417382
38450537
38417902
38594019
38531116
38528290
38478598
38450726
38471653
38500384
38500225
38411802
38447246
38541103
38353996
38496303
38469489
38492495
38497487
38513683
38536944
38453286
38462474
38460482
38504336
38475253
38425947
38481560
38481799
38436595
38431008
38405608
38449228
38347548
38440188
38431695
38417966
38448362
38502896
38523315
38443226
38450907
38588670
38449050
38674085
38500769
38585900
38417303
38437357
38462961
38523232
38446984
38491359
38528869
38496385
38543588
38440662
38481448
38511553
38413046
38453526
38428979
38529633
38467086
38405742
38476015
38620515
38428870
38468402
38450271
38478386
38462998
38424839
38484144
38479147
38433453
38474614
38531660
38457957
38497748
38528545
38528864
38442907
38484276
38511368
38474337
38479502
38405818
38443125
38431701
38422813
38494105
38503728
38489008
38489272
38456482
38430732
38364238
38541825
38374923
38435414
38448189
38475026
38504805
38510309
38515664
38439008
38477937
38505772
38474401
38402548
38492482
38529716
38420535
38436554
38492488
38442137
38452069
38434191
38461275
38497460
38500208
38502277
38412624
38452730
38368612
38428636
38429185
38440651
38419172
38440355
38419358
38436807
38428293
38373345
38454749
38452734
38526156
38465438
38450588
38406035
38462536
38463164
38507723
38412015
38459155
38410845
38421094
38384442
38356017
38441788
38404916
38476155
38464669
38426493
38544411
38379095
38419936
38396946
38376216
38322396
38419170
38357855
38424350
38413299
38453652
38472110
38388152
38479748
38444396
38397668
38441159
38389726
38350180
38381998
38392193
38411247
38384553
38467818
38456025
38345410
38458811
38407838
38429855
38479980
38415992
38436347
38364889
38350184
38437265
38503799
38444846
38393232
38356239
38384109
38447691
38357016
38371423
38400018
38434932
38449164
38452104
38405563
38425675
38435082
38433853
38454943
38453225
38389597
38360348
38383455
38451143
38443656
38407266
38401840
38433238
38403507
38437670
38370111
38436834
38421591
38366495
38399996
38386350
38425358
38404806
38332729
38454711
38455992
38381262
38370677
38369719
38363904
38425241
38347346
38410934
38319290
38390169
38379135
38361826
38396572
38379325
38356552
38318785
38372332
38429889
38346107
38424519
38457173
38418168
38420847
38377579
38411657
38455735
38242786
38450512
38406622
38351489
38355766
38414538
38416264
38442122
38439597
38379603
38416744
38389316
38396376
38420867
38386709
38358612
38364176
38422669
38309842
38438732
38396887
38459841
38347003
38324896
38381468
38345974
38373990
38347468
38360281
38398253
38389535
38346283
38390319
38317571
38303669
38406256
38311400
38421137
38402869
38335990
38350319
38358918
38434762
38340997
38391011
38346001
38443146
38334874
38352239
38320047
38362531
38359152
38378059
38373233
38355323
38400897
38415739
38357213
38350060
38320009
38359612
38255627
38306485
38381695
38391520
38447883
38364316
38282576
38397999
38318598
38349401
38381676
38335083
38336724
38336893
38254980
38351184
38348513
38387984
38311307
38447219
38346672
38324890
38353628
38368415
38327864
38330922
38363680
38360873
38406248
38560669
38346020
38403340
38367396
38367688
38375551
38318187
38365535
38352205
38273688
38336370
38320805
38371385
38349592
38336834
38378741
38319158
38388377
38321810
38374103
38338242
38338887
38306734
38299621
38384449
38299315
38226613
38378638
38342811
38338423
38320069
38338082
38288932
38437042
38317723
38384700
38323000
38411311
38242158
38279343
38349200
38327486
38366721
38356674
38337475
38248559
38245502
38365931
38406290
38311829
38321590
38363594
38266266
38308671
38225650
38347458
38349534
38267409
38390000
38288586
38333652
38286731
38368413
38207372
38295595
38423946
38302312
38361932
38388161
38347540
38321417
38284757
38395537
38362459
38364534
38351134
38349513
38320202
38351738
38356333
38353632
38339892
38344562
38318305
38339809
38334755
38343874
38312363
38322582
38315907
38425541
38302122
38328785
38392906
38303160
38308456
38348186
38235412
38310516
38317919
38343376
38289464
38337193
38327237
38299461
38265670
38249266
38300738
38299564
38318709
38350237
38372081
38289183
38286882
38303915
38342947
38353666
38388401
38349230
38297011
38417368
38425826
38331302
38308876
38311378
38272848
38276004
38318160
38298174
38246471
38330486
38235504
38310361
38393215
38273361
38273321
38242658
38376833
38360353
38245689
38369814
38311757
38276015
38255777
38306268
38304907
38276614
38318595
38358882
38290041
38253288
38276959
38310206
38296079
38337609
38332107
38303347
38242531
38336309
38417493
38255163
38189167
38305147
38280406
38324566
38270203
38388480
38278890
38268356
38237579
38339422
38253938
38243694
38314294
38327759
38272543
38298013
38315564
38320576
38322817
38354298
38240435
38247640
38298022
38264133
38277409
38252970
38280412
38267566
38324913
38207964
38239110
38310910
38273528
38223898
38412207
38295807
38274579
38277676
38223565
38208702
38228368
38338837
38265506
38243315
38292203
38268667
38334820
38219125
38279013
38223349
38276105
38258383
38244668
38356360
38223338
38240777
38249041
38297352
38217951
38270193
38235047
38240656
38288695
38233399
38262881
38214052
38343186
38207263
38288130
38274528
38290443
38255319
38215151
38179620
38351612
38298402
38300399
38294443
38279653
38299316
38331244
38239238
38103719
38245855
38242989
38236935
38298696
38156456
38234930
38226095
38292965
38225014
38316972
38235896
38355775
38261544
38257891
38258986
38298088
38232800
38283089
38222944
38360246
38224248
38267780
38213115
38245440
38350373
38186715
38237529
38190914
38144401
38222785
38252443
38223753
38211270
38235562
38267814
38271949
38252487
38258294
38267787
38263750
38146813
38149758
38255412
38285410
38253421
38226093
38241319
38243149
38225912
38219056
38262000
38294861
38211787
38254837
38222527
38243211
38216040
38265537
38355315
38228142
38250359
38289204
38203056
38251202
38216289
38372583
38235685
38199582
38299454
38207839
38224232
38244831
38191584
38215283
38234212
38265029
38202661
38183733
38204065
38222576
38214950
38257285
38205444
38328445
38274690
38239680
38170945
38208801
38145031
38128656
38282386
38226842
38358388
38219738
38252363
38262273
38260646
38222707
38202980
38258489
38157903
38281883
38135293
38295644
38305782
38221965
38246189
38238719
38186022
38223310
38241714
38214546
38176965
38168990
38253183
38122114
38244771
38197572
38226279
38173341
38227620
38228341
38229705
38222736
38261013
38251599
38162400
38249415
38278450
38293122
38116616
38221248
38260785
38261812
38182198
38174784
38202227
38127612
38188891
38159875
38241802
38195267
38259901
38156421
38207217
38120092
38226436
38147821
38218549
38142637
38187908
38232553
38219177
38245039
38202233
38131308
38244519
38186519
38159323
38229383
38198022
38367652
38205414
38138294
38190373
38142852
38214586
38283862
38226545
38174576
38245787
38226099
38235651
38239220
38183232
38227044
38168469
38208313
38178362
38213327
38147677
38128223
38176481
38161175
38221316
38166121
38131838
38239487
38178165
38178489
38194159
38292488
38101821
38141716
38156737
38136391
38169999
38168883
38176114
38204957
38188232
38152237
38189830
38167062
38204049
38231489
38200040
38171728
38082429
38178134
38155125
38129690
38185006
38154720
38214996
38145450
38184647
38171651
38116337
38173876
38208337
38215481
38159901
38141969
38135072
38150056
38174298
38251728
38128062
38117804
38199440
38295165
38192039
38169364
38180028
38181364
38171811
38135299
38153472
38171704
38146363
38244666
38287415
38156304
38189605
38105730
38113776
38258931
38177026
38237285
38181939
38064611
38154413
38047591
38197184
38137615
38169133
38167748
38160098
38074785
38192620
38120699
38155908
38170654
38140375
38128123
38069778
38261244
38190242
38176950
38143671
38180612
38187239
38108003
38138599
38127892
38174748
38069500
38178954
38080615
38141669
38235255
38177534
38140545
38119533
38130951
38135281
38160840
38217981
38205121
38197800
38186966
38120421
38155039
38111392
38105965
38093067
38017948
38193858
38215140
38051437
38200199
38168477
38126489
38124661
38120082
38163954
38128091
38194484
38127531
38133755
38103609
38153107
38100067
38126541
38128739
38143736
38201600
38116971
38098414
38062149
38125616
38091958
38094079
38166045
38122999
38111244
38130270
38166416
38098827
38110818
38176873
38087875
38137676
38139119
38096350
38121882
38127837
38176352
38144906
38137673
38110287
38115780
38089667
38167789
38178100
38170016
38239414
38115273
38092129
38116486
38129163
38106456
38096377
38134371
38143065
38231185
38092388
38111251
38120026
38053633
38101902
38055494
38062314
38108778
38179329
38100628
38160957
38123124
38106143
38110390
38075228
38006230
38105953
38020181
38068243
38092025
38077146
38110599
38133099
38099941
38299397
38123564
38048419
38062804
38083590
38121608
38078362
38008987
38097123
38120603
38141965
38167959
38093038
38068088
38102024
38063026
38093325
38158763
38078770
38021197
38015385
38133298
38102200
38120385
38097851
38111040
38023819
38132191
38107905
38044336
38102164
38144665
38097872
38095548
38110067
38082330
38011803
38182666
38093372
38067363
38075045
38040989
38069667
38123370
38121857
38146300
38162202
38221517
38045055
38120415
38111634
38091689
38055912
38202018
38104146
38096999
38077655
38087790
38053174
38029063
38107823
38124662
38132518
38078502
38096372
38035618
38068491
38059376
38080644
38123186
38032904
38078954
38029295
38037931
38088666
38070524
38089556
38077209
38111967
38121094
38075325
38068160
38157615
38048105
38120045
38049571
38050825
38034335
38028456
38058760
38156928
38029612
38060063
37999575
38120068
38010763
38048002
38034076
37996726
38171997
38102498
38166635
38055672
38087351
38110457
38060683
38062369
38071392
38050514
38086924
38001842
38016965
38094230
38063055
38064859
38081555
38059871
37959620
38098800
38097166
38077414
37985769
38057148
38032003
38073599
37978193
38032344
38042235
38030573
38050272
38076500
38050753
38023490
38183316
38085152
38136786
38024850
38041930
38071404
38015938
38010656
38016741
38032337
38024192
38050701
38096859
38016835
38040634
38013410
38026141
38050035
38037334
37982682
38042311
38024679
38013798
37991824
38096342
38086866
38015412
37995703
38082657
38092286
38059239
38034773
38054484
38023932
37989335
38030793
38028682
38052738
38050895
38072530
38015896
38092071
38079420
38039018
38042764
37980871
38025013
37975820
37990122
38020560
38030552
37983507
38018401
38017816
37982310
38216642
38019112
37990594
38025518
38011022
37938454
38013684
38040209
37998228
38062956
38066117
38014939
37997570
38047681
38022033
38044398
38015315
38041384
38073093
37999079
38042858
37922851
38122940
37994747
37988913
37998622
38039273
38022555
37974964
38024226
37966617
37986035
38020237
38022370
38007784
37995234
38012616
38077473
37970281
38077578
37968599
37966517
38008293
37999265
38060617
37992503
38011981
37982759
38022514
38035194
38051883
37963342
37952631
37962284
37980669
38009143
37989675
37986141
38001609
38017477
38024681
38039121
37992913
37995915
37978751
38018738
37997175
38077377
37976411
37925194
37982230
37979505
37959293
38031603
37999273
37996818
37967356
37970559
37983663
37993446
38006418
37945610
37981313
37994358
37992500
37942979
38085996
37983062
38114151
38002225
38010410
38009450
38042485
37995495
38217036
38014825
38002189
38001484
38005670
38031882
38212163
37993016
38016980
37915696
38003128
37915121
37945625
37979113
37944712
38006259
37983060
37973833
38098180
38037111
37991942
38004362
37993397
37937357
38010941
37959094
37914257
37967272
37946362
38032041
37963416
37976936
38010672
37948674
37929498
37952919
37974357
37962597
37982674
37954723
38003622
37973550
37954167
37945262
37979333
37942056
37971384
37963638
37942297
37994629
37938509
38014764
38002843
37920416
38011811
37976140
37950891
38005113
37918265
37982344
37932885
37975271
37973603
37939013
37915067
37996406
37988701
37966782
37938415
37932946
37941659
37913976
37981087
37997618
38033975
37921836
37942251
37942016
37976423
38073179
37963832
37947671
37984831
37985067
37956611
37971335
37920899
37997649
37929837
37851705
37913435
37982892
38009661
37925587
37971950
38013641
38009151
37962973
37955692
37971932
37958430
38049966
37944064
37938573
37966038
37954048
37930523
37904263
37929642
37939962
37996273
37995520
37972202
37903186
37958014
37920418
38010101
37910332
37899829
37928002
37909391
37987848
37996656
37929073
37935512
37952286
37917045
37917856
37969409
37924747
37881195
37905151
37936203
37904092
37932951
37941161
37912073
37915459
37938386
37915423
37906228
37953908
37958139
37920475
37906353
37855271
37933343
37891137
37941069
37912744
37953552
37853717
37956584
37972741
37948826
37925314
37898262
37925477
38046696
37980392
37894566
37962863
37903726
37978229
37937154
37933478
37908346
37905985
37997403
37934245
37950458
37886169
37992738
37906818
37942355
37944797
37916118
37854978
37880746
37912374
37924528
37835719
37948803
37922808
37897351
37899590
37870379
37949734
37900793
37929413
37969283
37906555
37911347
37935015
37923976
37881876
37938949
37989693
37985601
37937204
37915152
37876428
37898828
37938592
37815930
37914664
37931343
37957380
37909702
37893844
37866732
37878421
37979851
37902654
37929271
37916407
38000184
37922260
37899720
37872095
37868534
37900611
37926014
37882657
37844157
37900885
37952311
37942832
37814811
37913307
37889517
37887371
37881711
37892595
37876127
37891007
37937887
37895310
37865161
37880294
37905775
37892173
37907847
37947353
37926931
37888795
37867005
37918818
37924327
37880455
37895072
37911316
37916376
37898004
37908589
37939265
37889869
37852616
37905333
37883065
37892899
37854958
37857614
37887924
37875945
37890835
37865287
37864504
37912433
37852035
37915342
37945149
37941882
37896486
37901095
37893928
37891033
37944350
37938588
37805606
37873651
37857921
37878538
37858167
37885818
37908336
37836021
37869868
37870132
37927810
37971572
37851674
37867334
37913799
37913716
37870222
37870784
37896198
37842698
37858983
37874575
37867207
37884859
37858670
37878324
37925181
37865997
37847276
37971487
37863990
37884159
37868681
37852061
37869446
37876544
37872990
37852722
37887919
37893687
37833287
37876426
37855137
37840251
37852235
37844843
37853611
37840888
37878432
37802385
37840541
37804942
37845156
37869784
37823241
37848794
37937732
37876213
37834594
37811989
37793907
37895659
37783371
37846200
37834333
37885806
37849069
37840956
37792292
37845692
37818204
37896964
37833547
37830603
37876011
37845885
37841746
37831002
37840841
37839553
37809453
37861146
37813947
37809600
37860738
37833310
37869323
37842905
37829949
37844597
37785434
37864546
37803826
37869085
37845547
37802315
37849451
37810194
37819018
37837977
37832398
37818476
37892163
37901517
37792764
37849016
37845548
37827618
37842063
37836755
37844412
37880024
37854463
37799184
37909159
37833440
37845274
37806331
37850235
37778672
37832602
37787383
37763080
37814482
37927598
37811502
37838952
37823168
37895839
37787322
37812981
37817771
37820655
37870502
37833117
37855769
37817964
37874917
37793470
37870683
37885839
37833191
37883847
37786152
37837127
37852210
37770141
37833483
37787061
37802426
37779923
37793262
37760015
37834087
37798635
37831787
37866080
37725892
37864805
37861602
37831788
37799794
37857808
37758474
37823626
37802160
37824464
37809613
37765275
37841049
37838342
37845090
37850029
37852152
37853961
37742460
37793355
37893105
37802262
37829885
37884583
37811106
37795280
37791306
37832913
37787463
37743277
37750981
37763621
37812936
37843097
37754336
37799410
37799165
37773165
37769950
37835495
37776328
37822630
37850001
37861351
37778713
37799553
37796769
37782819
37768828
37773034
37841642
37803176
37738416
37785164
37763117
37827594
37782882
37793888
37759940
37778064
37789144
37795052
37799438
37848759
37778097
37738309
37785946
37781410
37779044
37810090
37807584
37761523
37833772
37783725
37791180
37736555
37786236
37827921
37823377
37790207
37816952
37773017
37783285
37759597
37764316
37743507
37734563
37709217
37769418
37768401
37777370
37767000
37843010
37750982
37822844
37830521
37799798
37760246
37757523
37842610
37815522
37849333
37762430
37765277
37773094
37795664
37771742
37788004
37742890
37805382
37854655
37750950
37805786
37811735
37792394
37730418
37774809
37787094
37715636
37791928
37789117
37764408
37695633
37790143
37817842
37818275
37803666
37747671
37745963
37769467
37744143
37798648
37719097
37770674
37751581
37744621
37840617
37785235
37752710
37758344
37774287
37767147
37690522
37763891
37738778
37776188
37799970
37740096
37828233
37804347
37807609
37802940
37801736
37842198
37736663
37738009
37693897
37723607
37736605
37730657
37733392
37729149
37790030
37772635
37649769
37745124
37825531
37729905
37743159
37747592
37732215
37732842
37729977
37782725
37766011
37701112
37673171
37699675
37742331
37731677
37741505
37758370
37773707
37768486
37657849
37742848
37773157
37714782
37693029
37735642
37666724
37716776
37726094
37760343
37760322
37768054
37698135
37760847
37742260
37704318
37712865
37727647
37756135
37695532
37719512
37701759
37764487
37712650
37794381
37783297
37771396
37706150
37705162
37811107
37702986
37791392
37715617
37720371
37732574
37724968
37771528
37741755
37807241
37790591
37696051
37755801
37671448
37820695
37692853
37772530
37694214
37794542
37732085
37739340
37691380
37719756
37687909
37727567
37695050
37753360
37724425
37713235
37710842
37784270
37706703
37831548
37760676
37758596
37789817
37721311
37759613
37740287
37779655
37681663
37689320
37667308
37741680
37747240
37695414
37698354
37685036
37736131
37693325
37700971
37761156
37783331
37722679
37665039
37688542
37673633
37681351
37671815
37708160
37691365
37681473
37731660
37673842
37648378
37695516
37692870
37699893
37676673
37698037
37740619
37713468
37663761
37663323
37782151
37615388
37681505
37664705
37727525
37698317
37682800
37661795
37740522
37686448
37611415
37671996
37755518
37703326
37694140
37625503
37646160
37731605
37694405
37711999
37678506
37738420
37662693
37655853
37654653
37734649
37705893
37564314
37651291
37750621
37625283
37705797
37675591
37651049
37686303
37716748
37673105
37715185
37712374
37653113
37676218
37637925
37653029
37684171
37712828
37681533
37744915
37690898
37586042
37675827
37660373
37727084
37652992
37685515
37739287
37674471
37646614
37646430
37688522
37688944
37637383
37663155
37670015
37656033
37717159
37682299
37739508
37701205
37600797
37673336
37678136
37654156
37743671
37626217
37700528
37712042
37686966
37699691
37729096
37735512
37596025
37694959
37673869
37692358
37719582
37679110
37662557
37680335
37659125
37719482
37620567
37681619
37675892
37678674
37687352
37695158
37685097
37629023
37689006
37648036
37661827
37633645
37663816
37632003
37648386
37686584
37613740
37599995
37656736
37641021
37620736
37693904
37669701
37687449
37637250
37671856
37634675
37647647
37607822
37680659
37692470
37689356
37689506
37672816
37589971
37704669
37671985
37687422
37637173
37666589
37634548
37763736
37705456
37644366
37601925
37696032
37617131
37651050
37681832
37677116
37598499
37658277
37668779
37630548
37606574
37640849
37622759
37693972
37653844
37623032
37616579
37657500
37606712
37651689
37657772
37591840
37646926
37718615
37623107
37561016
37638559
37582248
37653193
37648773
37629300
37665176
37717054
37620887
37578392
37611486
37618580
37595012
37592460
37647787
37606689
37635612
37585237
37602175
37636422
37623017
37707906
37656444
37679417
37600162
37613142
37606351
37740010
37584105
37613087
37623941
37650338
37624726
37657867
37625001
37602553
37585110
37595572
37583617
37657271
37636604
37584294
37649723
37579814
37636452
37579698
37610179
37628849
37640689
37606455
37622938
37645015
37700780
37574281
37604671
37579813
37554698
37656515
37640809
37654019
37665104
37634883
37679489
37604565
37611044
37614822
37665560
37627837
37631123
37568615
37575723
37600055
37590759
37566845
37618727
37601154
37654896
37605496
37677251
37587952
37639060
37627822
37727184
37629335
37616341
37629513
37639792
37665442
37648145
37585880
37651043
37647218
37646762
37639766
37594261
37635982
37595001
37582783
37542188
37587666
37641785
37707402
37585688
37688723
37558740
37555223
37576455
37602525
37595620
37672814
37602813
37627949
37627917
37622847
37611603
37599518
37573928
37616500
37562076
37583877
37625040
37610100
37579211
37638371
37569111
37590743
37619576
37589043
37566518
37607662
37592866
37608311
37595284
37568987
37506527
37611376
37557050
37590786
37573944
37588134
37642268
37571581
37557850
37649808
37644796
37593089
37590702
37660257
37568286
37575462
37585984
37583761
37574068
37556222
37658791
37569830
37546007
37613836
37567845
37549772
37634648
37658532
37580551
37536445
37583634
37547928
37531953
37552734
37568084
37556904
37608419
37572979
37633324
37615183
37534480
37595862
37566709
37618553
37587371
37612202
37635955
37564873
37563373
37640105
37566906
37548456
37602585
37579169
37515421
37596239
37569184
37527164
37585360
37597633
37575979
37599752
37564161
37550196
37571810
37570819
37610820
37524710
37607106
37570644
37512912
37543859
37569814
37590161
37571305
37578533
37548600
37555418
37560352
37647804
37610444
37563241
37589405
37563613
37590014
37565566
37542985
37528979
37627896
37546065
37554405
37604309
37547875
37557767
37566716
37554753
37602987
37534576
37625632
37566696
37576233
37536757
37498019
37580379
37556901
37572939
37618262
37544838
37551385
37547531
37550221
37579552
37646741
37558143
37547952
37546001
37544508
37559901
37560340
37495521
37552314
37515107
37539158
37523252
37631145
37571504
37555452
37589638
37534481
37562166
37593496
37537565
37613380
37525443
37552831
37633566
37539632
37560588
37550227
37472716
37572755
37472009
37589129
37553264
37599981
37578462
37520325
37557580
37553819
37553529
37589308
37515441
37547011
37596333
37584160
37503275
37504345
37521908
37588951
37564343
37540733
37509492
37522077
37517839
37592221
37448907
37504116
37519866
37553835
37566867
37532789
37533267
37525374
37590989
37540111
37542499
37504787
37552892
37478076
37525334
37517796
37508800
37570290
37607088
37524642
37503237
37554015
37528294
37587559
37617090
37549536
37582876
37518298
37529500
37537405
37515844
37531669
37554730
37610321
37536152
37559587
37515534
37548217
37529351
37532840
37511480
37489795
37545866
37540636
37537415
37528346
37574815
37519035
37541289
37538639
37531392
37534563
37477370
37583776
37516622
37509004
37480138
37454493
37536131
37545385
37472007
37461814
37532087
37506473
37515919
37532066
37423491
37511560
37566322
37546978
37536254
37533568
37554188
37516677
37512973
37511280
37536234
37499507
37451956
37455878
37486040
37517674
37482871
37476591
37520173
37514546
37546033
37482366
37487875
37429183
37555145
37536149
37498289
37437512
37500355
37508787
37480631
37526491
37503009
37507322
37625914
37548795
37502056
37517854
37557852
37476850
37509092
37504594
37421236
37526757
37592446
37454430
37508895
37478683
37471322
37533110
37527333
37466522
37491016
37497769
37578610
37515891
37510975
37536618
37519437
37453663
37489868
37503004
37485584
37460551
37522551
37488464
37492016
37485017
37467570
37505078
37489309
37503364
37460240
37472069
37478250
37523175
37495537
37459200
37503204
37488270
37525674
37501726
37561086
37457056
37463591
37498601
37490669
37501839
37422749
37478570
37454439
37555489
37504988
37531357
37478900
37473479
37497503
37461542
37544555
37510739
37481484
37463418
37455545
37572052
37456985
37554164
37457500
37514782
37428185
37450996
37494635
37562784
37465277
37400640
37542321
37475156
37478447
37454049
37437171
37408038
37469296
37532620
37481573
37479082
37478601
37460232
37418192
37420794
37467080
37402900
37496283
37484795
37464618
37453168
37464608
37443154
37486837
37514927
37534749
37591444
37458185
37450392
37466341
37473942
37422014
37443037
37456480
37519234
37484597
37471437
37436066
37424173
37469757
37452736