40009095
40030151
40048973
39722919
40044316
40072001
39893410
40084753
39936903
40054604
39787542
40067583
40017243
39774536
39893525
39978106
39808267
39698345
39954526
39750090
39893618
40034526
39982778
40019133
39714462
39832003
40086482
39914510
40043648
39943965
39908616
40077044
39803812
39880646
39789616
39902457
40003970
40084831
39785876
39819615
39896664
39753930
40025165
39920755
39989035
39769915
39615945
40043821
39814339
39914947
40024322
39703176
39875765
39603361
39987078
39741218
39917552
39846500
39827159
39842987
39731216
39969345
39772185
39842076
39747044
40005423
39831313
39813856
39981691
39720018
39915124
39796059
39688679
39824355
39964332
40049439
39717388
39781347
40041625
39858797
39684459
39708819
39833207
39757366
40025380
39574924
39706198
39524721
39707817
39994098
39704243
39864005
39694553
39759274
39789948
39814055
39715491
39724476
39775559
39982468
39573204
39622088
39779573
39723024
39521826
39828535
39567463
39925336
39909793
39698499
39770180
40009407
39834855
39619025
39673330
39737516
40001766
39647960
39476381
39693188
39790913
39841755
39590760
39985447
39707767
39707938
39644390
39457976
39708809
39736016
39689730
39966672
39984876
39467937
39661580
39649715
39577581
39841955
39658045
40019760
39622074
39606949
39588123
39816699
39587544
39477486
39509841
39542623
39924367
39609564
39573941
39532134
39687797
40032392
39630293
39908787
39530288
39485452
39585367
39594861
39559327
39524739
39778664
39564558
39536163
39473539
39811184
39592811
39535647
39465531
40041517
39538396
39507951
39520074
39448862
39398414
39404597
39529977
39531313
39442869
39504467
39576910
39498166
39491739
39542285
39494332
39420154
39449033
39366648
39525384
39535820
39489108
39473610
39517843
39861279
39607489
39548761
39318053
39488931
39541902
39601358
39564856
39517763
39552595
39493177
39405454
39493427
39620976
39557858
39736196
39564293
39711485
39535924
40088085
39403740
39594946
39450523
39511869
39359205
39453264
39549895
39581402
39412307
39516446
39443834
39386835
39508711
39499996
39473939
39402026
39340315
39432473
39448041
39406075
39764094
39403317
39539033
39356468
39451053
39494723
39411646
39477303
39337399
39420797
39362965
39499140
39480681
39376592
39544683
39436741
39428268
39497474
39408437
39493292
39496254
39398421
39420447
39452170
39504381
39340952
39375677
39377077
39469635
39518265
39368172
39282195
39577737
39346047
39397851
39505511
39495960
39364957
39444397
39337305
39358414
39743795
39443226
39421946
39427192
39441068
39232398
39327038
39276279
39396405
39534573
39331619
39270894
39348690
39292927
39399159
39450876
39578471
39413470
39726914
39347992
39421226
39366356
39351367
39237947
39252355
39352518
39412910
39282099
39309153
39332078
39322093
39387860
39278664
39622790
39272332
39683767
39362073
39309417
39443313
39327244
39338192
39232587
39331484
39325205
39547047
39346668
39367337
39365201
39374341
39367331
39309129
39613931
39432916
39330642
39168147
39278152
39315851
39310041
39223910
39316472
39457262
39448497
39342791
39384920
39344755
39369578
39412499
39338378
39272384
39300005
39378942
39443884
39314906
39328336
39385370
39175569
39228985
39370545
39313917
39303589
39311735
39618762
39363875
39168504
39307383
39203894
39264072
39405228
39289075
39361028
39391390
39239246
39236674
39180153
39427303
39273914
39250511
39352177
39294991
39175298
39318635
39324470
39147373
39175035
39212105
39221351
39205656
39145609
39224232
39266913
39149902
39123660
39155772
39148835
39235679
39180927
39101778
39197656
39296231
39216764
39351131
39317826
39248973
39153074
39341342
39293409
39187714
39240404
39196267
39226314
39250531
39177171
39276942
39276904
39320530
39237931
39065113
39111113
39193451
39260770
39268921
39051502
39201505
39124845
39239557
39082503
39158132
39078677
39108673
39208631
39145120
39148790
39152348
39079620
39118541
39207481
39129246
39099338
39089137
39128772
39208860
39232302
39149900
39199101
39117732
39159431
39078287
39241269
39125275
39142609
39325316
39102091
39250058
39113315
39101160
39080587
39056811
39144536
39017046
39067904
39104992
39100397
39134804
39056555
39148841
39036822
39100188
39037847
39123637
39079216
39039402
39039670
39037633
38993082
39106221
39054962
39134657
39082507
39099040
39087267
39077693
39059488
39192219
39058676
39036234
39082838
39024620
39009853
38944029
39080465
39038516
39092755
38949645
38973234
39043676
39068847
39132335
39098379
38995027
39120135
39011580
39083547
39107878
38995587
39036076
38950440
38989201
39029027
39014426
39046115
39059630
39218586
38957612
39061079
39016387
38975700
38924983
39038468
38927073
39020929
38965705
39006815
39117759
38977000
39050796
38995355
39053898
38983797
38947248
39111868
38979353
39037892
38975426
39073556
39053542
38953670
38967945
38959163
38883767
39074087
38968945
39074848
38951918
38973967
38901192
39024597
38989204
38952886
39024590
39015096
39024381
38950270
38933068
38893605
38958204
38879545
38895136
38954903
38992303
38926807
38977628
39026433
38997584
38976451
38971098
38911379
38951721
38937819
38910958
39053738
38934091
38934174
38940908
38870017
38946810
38917503
38956155
38804841
38898551
38945411
38936865
38884633
38963334
38788801
38950160
38873874
38863851
38848029
38922751
38884136
38873548
38841072
38939574
38848111
38857213
39014841
38937011
38836001
38895458
38945994
38887817
38868900
38863694
38887769
38880020
38911977
38842255
38898873
38826398
38933616
38820806
38862390
38887177
38843755
38776925
38933932
38990765
38785226
38884036
38884681
38783351
38812894
38860361
38893327
38942164
38944783
38824835
38947913
38851696
38848261
38903283
38895234
38933397
38804107
38884900
38767873
38873046
38863132
38784612
38900659
38859068
38770754
38992236
38806436
38821998
38828168
38752479
38807563
38859405
38830413
38880637
38873219
38820969
38789141
38847266
38809718
38805994
38880877
38754247
38893502
38793107
38808487
38811970
38748567
38935479
38759416
38854440
38878581
38778374
38772052
38916667
38752981
38823115
38704393
38753850
38869565
38869573
38738316
38736155
38742280
38673769
38791225
38775218
38725874
38884686
38691962
38760726
38739434
38777438
38765250
38756195
38864418
38776139
38796814
38741779
38708225
38787755
38802318
38762889
38801668
38757961
38661424
38614613
38721990
38800039
38742526
38753537
38780617
38774064
38719779
38819995
38674521
38647393
38577821
38678381
38797388
38678734
38767078
38664662
38846743
38800931
38727253
38845312
38721581
38689430
38700592
38680881
38718242
38691313
38735981
38690652
38658607
38664165
38691262
38824534
38769111
38747947
38811541
38764084
38684123
38660037
38680901
38624350
38643564
38791146
38685805
38705921
38715328
38734367
38819885
38702670
38665718
38646185
38765233
38601934
38616082
38657889
38716322
38671505
38696243
38671444
38761221
38678622
38743568
38650032
38598513
38616286
38682000
38647043
38651904
38807316
38738995
38728653
38688001
38719512
38702412
38716574
38557370
38602922
38821326
38640282
38687022
38790496
38544971
38594480
38684576
38666230
38662101
38604371
38661906
38625063
38518418
38575271
38606252
38704513
38685939
38669636
38513121
38574048
38713060
38587378
38641102
38627994
38583850
38786080
38606175
38583001
38698418
38651362
38628911
38567338
38635403
38537048
38575627
38591038
38626538
38592954
38857123
38552852
38571470
38565964
38717164
38522527
38546647
38574639
38604443
38622279
38554908
38597334
38520828
38588400
38511700
38631888
38574909
38534427
38495429
38555004
38567776
38639371
38590649
38623329
38574055
38645287
38643705
38511732
38536643
38692217
38723573
38696621
38504228
38508670
38622677
38548107
38570595
38538167
38533442
38561767
38455954
38492533
38515521
38456857
38542195
38529693
38476593
38467406
38534080
38550026
38483119
38487163
38496633
38530076
38492304
38608048
38478311
38527906
38489845
38427498
38531116
38528290
38541103
38496303
38497487
38513683
38536944
38453286
38462474
38475253
38481560
38431008
38450907
38588670
38674085
38462961
38491359
38511553
38453526
38529633
38467086
38405742
38476015
38468402
38484144
38479147
38457957
38474337
38479502
38405818
38431701
38489272
38448189
38515664
38452069
38497460
38500208
38452730
38428636
38450588
38462536
38463164
38507723
38464669
38424350
38413299
38444396
38384553
38458811
38429855
38437265
38447691
38434932
38451143
38443656
38407266
38421591
38454711
38455992
38319290
38390169
38396572
38372332
38429889
38418168
38420847
38377579
38411657
38450512
38406622
38439597
38416744
38396376
38364176
38309842
38438732
38459841
38345974
38347468
38398253
38346283
38390319
38391011
38320047
38400897
38320009
38255627
38391520
38447883
38254980
38351184
38447219
38367396
38367688
38273688
38336370
38371385
38378741
38319158
38388377
38374103
38338242
38299621
38384449
38342811
38437042
38384700
38323000
38411311
38349200
38327486
38366721
38337475
38245502
38349534
38267409
38390000
38286731
38368413
38295595
38423946
38361932
38321417
38362459
38351134
38320202
38353632
38344562
38318305
38315907
38425541
38303160
38348186
38249266
38318709
38350237
38372081
38286882
38303915
38353666
38425826
38331302
38298174
38245689
38306268
38318595
38296079
38337609
38332107
38336309
38280406
38270203
38278890
38243694
38327759
38315564
38322817
38354298
38247640
38223898
38412207
38274579
38338837
38268667
38279013
38223338
38270193
38235047
38343186
38255319
38179620
38299316
38239238
38298696
38156456
38234930
38316972
38355775
38261544
38232800
38283089
38360246
38237529
38190914
38252443
38252487
38285410
38241319
38243149
38294861
38243211
38216040
38355315
38372583
38199582
38215283
38265029
38328445
38252363
38262273
38202980
38281883
38295644
38238719
38186022
38214546
38253183
38229705
38261013
38278450
38127612
38241802
38142637
38232553
38245039
38190373
38214586
38226545
38245787
38226099
38183232
38168469
38208313
38128223
38176481
38167062
38200040
38155125
38185006
38208337
38174298
38181364
38189605
38177026
38237285
38181939
38128123
38187239
38235255
38130951
38160840
38193858
38168477
38126489
38124661
38194484
38201600
38094079
38176873
38137676
38139119
38110287
38167789
38092129
38116486
38129163
38134371
38143065
38231185
38108778
38106143
38092025
38158763
38015385
38097851
38132191
38097872
38095548
38146300
38221517
38120415
38091689
38202018
38087790
38107823
38124662
38132518
38096372
38068491
38080644
37999575
38034076
38171997
38062369
38001842
38094230
38063055
38064859
38098800
38097166
38077414
38057148
38183316
38136786
38032337
38050701
38037334
38024679
38086866
38028682
38072530
38039018
38030552
37990594
38062956
37997570
38022033
37999079
38012616
38077473
37999265
37992503
38011981
38035194
38018738
38077377
37976411
37996818
37983663
37994358
37983062
38114151
38010410
38009450
38217036
38005670
38031882
38212163
38016980
38098180
38037111
37967272
38032041
37942297
37994629
38014764
37976140
37973603
37915067
37988701
37966782
37997618
37942016
38073179
37963832
37984831
37956611
37971335
37920899
37997649
38009661
37971932
38049966
37944064
37966038
37930523