40069726
39989997
39903174
39986510
39801259
40035056
40050289
39841304
39850398
40080122
39839524
40034695
39968304
40023456
39959433
40023390
40096217
40023417
39912594
40066205
40023438
39995528
39866975
39895600
39993138
39997118
39690783
39976479
40099074
40009095
40023919
40101247
40030151
39837196
40071344
39721626
39979612
39950767
40049818
40057929
39935551
40052112
40048973
39915489
39918066
40049861
40071878
40092130
39943786
40094228
40000156
39832296
39768476
40075869
39674398
39979637
40054037
40023932
39888475
40091217
39777553
39815356
40096971
39616884
40044316
39722919
40033135
39946703
40072001
39696690
39901831
39918215
39988095
39954824
40043641
40104757
40075500
39897309
39919243
40034816
39992334
40047174
39787075
40084753
39835511
39933104
39927550
39990230
39893410
40042614
39996471
40094955
39872169
40079493
40057897
40010063
39982257
39947122
40086690
40086966
40101366
39697708
39961052
39790729
39985028
39738524
39966570
39944023
39838705
40011017
39909879
39723989
40049382
39853273
39936903
39966367
40097149
40095257
39672138
39917336
40089099
40106073
40038286
40054604
39823212
40101085
39932417
39727066
39760318
40037099
40067496
39832853
39902382
40083525
40055744
40096125
40062535
39996581
39993058
39960782
40061372
39935947
39896645
40040307
40054912
39787542
39693784
40067583
40082737
39849777
39980933
40105126
40006000
39907938
40023954
40098345
39877138
39673982
39919558
40017243
39918157
39699467
39668897
39886946
39714086
39948135
40075903
39801060
39792240
40073898
39653683
40000722
40040078
39855112
40021022
39884944
40045443
40045779
39994093
39814552
39708425
39873645
40090569
39903901
40071802
40050096
39893525
40063929
39730567
40086602
40066204
39978106
39739147
39774536
39944956
39833301
40056600
39704876
40049085
40105204
39994902
39959438
40103642
39986142
39975026
40055155
40036975
39678187
39808267
39978559
39949504
40001792
39591140
40099148
39944543
39700303
40086659
40088169
39882335
39907648
39704163
40076732
39954526
39924365
39732633
39727716
40082621
39924654
40094623
39698345
39927885
39995607
39944040
40034294
39813484
40034526
39930224
40083609
40035025
39753579
40080109
40097736
39893618
39934944
39800620
39887480
39844747
40091067
39750090
39982778
39963701
39941346
40056019
39739738
40019133
40078597
39966877
39849508
39909533
39868846
39702947
40086482
39947541
39876774
40024356
40043648
39832003
40077044
39636006
39876789
39711715
39650876
39943965
39714462
39859358
39914510
39648499
39908616
40080854
39720746
39926228
39604856
39803812
39847077
39807719
39880646
39724710
40025165
39781487
39741572
39635774
40097604
39789616
39902768
39902457
39745582
39752529
39769765
39758084
40003970
39800617
40084831
39857711
40102588
39597106
39739721
40100431
39695729
39556197
40095245
39918098
39846045
39826987
39643249
40043875
40019030
39820853
39836072
40006612
39742166
39753056
39708840
40045571
39896664
39759081
39819615
39735301
39785876
39766888
40048115
39989035
39920755
40014686
39916483
40041990
39753930
39854838
39839739
39929434
39616392
39877347
39882979
39831623
39822097
40017287
39821844
39673208
40043821
39930213
40067201
39769915
39668077
39799479
39735779
40024322
39778909
39695426
40098467
39806373
39884366
39914947
39545277
39484724
39912714
39814339
39707115
39611376
39615945
39753825
40062587
39769473
39908112
39875765
39532863
39949171
39838783
40037462
39697455
39987078
39703176
39618088
39706362
39959265
39780918
39971904
39970969
39917552
39969345
39828608
39913586
39603361
39708167
39510824
40005423
39637939
39846500
39827159
39842987
39924328
39741218
39849633
40029229
39727379
39907326
39510866
39851967
40033962
39842076
39755488
39785053
39655013
39598214
39731216
39772185
39702409
39784654
39721349
39603040
39831313
39747044
39816107
39761558
39671564
39560966
39582382
40035991
39981691
39976402
39687427
39711912
39817734
39835224
39703437
39711742
39915124
39587130
39813856
39722216
39801130
39740556
40006253
39771830
39700286
39721809
40038339
40049439
39731291
39763215
39734438
40069307
39710534
40070283
39571699
39576180
39912058
39671229
39796059
39964332
39928237
39720018
39733582
39609016
39721836
39668232
39665855
39729622
39814976
39705492
39824355
39765849
39612198
39592599
39688679
39607147
39723575
40041625
39742573
39972159
39781347
39836817
39507519
39465893
39717388
39673741
39821467
39532086
39755029
40096806
39692530
39858797
40077106
39621672
39955499
39621481
39546234
39713516
39683885
39681772
40105944
40025380
39671078
39768031
39684459
39762971
39623514
39607529
39730133
39833207
39708819
39848316
39898567
40017754
40077925
39711394
40007873
39617154
39616351
39757366
39743007
39726668
40007711
39652659
39994098
39815726
39387545
39607603
39541177
39939021
39865371
39674209
39805683
39579185
39564663
40058433
39864205
39706198
39735493
39729311
39864005
39763448
39707817
39574924
39721116
40066555
39700783
39519509
39828688
40098307
39605733
39883619
39686918
39704243
39801733
39540650
39759274
39524721
39668775
39694553
39605883
39596952
39781080
39717174
39789948
39578913
39760861
39814055
39706292
39521229
39613785
39706857
39867637
39788658
39657488
39607947
39612172
39665682
39445631
39717995
40105423
39982468
39715491
39724476
39853698
39561469
39775559
39570149
39610459
39516265
39670420
39771284
39532050
39571151
39883075
39745493
39969209
39914804
39595809
39610855
39709128
39606480
39925336
39983677
39516546
39909793
40009407
39779573
39966445
39828535
39573204
39760021
39723024
39486834
39569797
39853503
39622088
39540816
39585506
39834855
39683460
39770180
39698499
39508443
39536270
39621539
40001766
39567463
39478404
39542065
39521826
39725968
39687395
39544186
39530448
39526527
39834256
39597599
39696296
39497383
39715774
39619025
39565788
39737516
39769387
39458615
39673330
39529607
39634409
40029421
39915972
39686459
39685590
39587572
39428858
39585060
39673933
39696755
39655393
39512707
39647960
39623293
39841755
39790913
39600913
39732261
39549394
39689918
39607309
39693188
39621513
39399911
39755775
39447177
39985447
39532513
39559971
39582663
39482682
39542338
39601271
39601109
39476381
39611266
39504913
39681819
39715413
39590760
39478250
39577211
39567568
39820493
39673849
39531741
39532712
39545952
39533175
39707767
39647136
39707938
39881167
39450093
39416539
39516902
39984876
39966672
39811290
39561149
39644390
39535294
39600153
39736016
39708809
39559216
39753996
39509739
39567197
39536925
39538270
39397429
39689730
39457976
39788070
39584380
39572161
39524451
39496020
39559617
39444428
39528303
39452822
39661580
39545400
39582544
39649715
39483436
39645722
39528094
40019760
39658751
39559341
39572735
39467937
39591677
39578788
39546304
39841955
39533129
39493285
39593369
39526540
40088994
39528237
39594976
39494189
39538141
39658045
39577581
39531350
39513544
39650275
39398910
39580209
39396693
39909054
39816699
39598678
39900026
39398164
39663839
39562734
39326650
39622074
39606949
39558475
39552052
39620854
39588123
39472097
39581298
39481724
39589700
39746257
39587544
39497713
39589313
39722857
39542375
39524145
39500178
39399784
39397595
39924367
39608506
39603869
39477486
39576329
39571956
39559409
39639791
39533892
39541122
39509841
39518102
39587479
39508067
39536658
39493198
39588464
40096612
39542623
39561953
39832393
39702052
39513727
39539935
40032392
39563814
39384416
39502769
40061179
39609564
39545778
39449948
39549145
39531252
39908787
39406141
39448594
39424871
39477274
39687797
39369631
39618712
39570167
39573941
39582842
39413452
39532134
39630293
39336832
39398206
39533458
39380430
39445297
39494047
39562443
39601368
39539707
39456356
39640605
39508727
39466385
39532646
39503744
39530288
39778664
39298192
39585367
40041517
39594861
39590558
39240666
39511274
39811184
39485452
39559327
39563072
39350241
39412782
39350264
39524739
39564558
39533250
39836730
39307407
39552511
39400667
39482278
39764812
39536163
39564338
39568454
39737780
39592811
39616688
39485721
39473539
39673494
39535647
39448681
39550218
39538396
39488318
39297248
39516855
39712847
39454004
39465531
39384625
39604294
39564720
39520074
39507951
39457410
39485839
39568210
39522666
39301823
39570550
40098522
39492106
39515249
39448862
39799165
39399572
39301917
39358884
39458230
39374426
39474469
39527098
39431401
39486768
39399057
39470607
39529977
39549129
39531313
39500730
39398414
39495318
39513275
39594583
39458165
39404597
39562568
39431775
39461429
39479487
39576910
39403462
39494753
39392915
39541464
39504467
39442869
39419471
39422084
39498166
39354106
39491739
39373591
39434700
39475576
39449588
39417861
39636184
39542285
39504501
39861279
39494332
39476282
39440051
39681902
39419713
39390886
39421219
39420154
39540534
39394829
39525384
39391451
39535820
39449033
39584298
39489108
39625779
39366648
39607489
39473610
39505627
39517843
39561139
39487203
39548761
39451665
39409732
39550770
39730142
39501493
39309942
39489731
39481047
39488931
39276031
39431334
39580762
39541902
39337524
40088085
39341970
39601358
39458905
39670205
39590868
39362458
39238566
39318053
39293473
39442402
39515212
39423711
39564856
39388946
39397133
39701096
39463356
39517763
39435510
39552595
39428675
39417519
39375454
39494250
39338508
39343004
39736196
39493177
39497787
39620976
39711485
39406300
39493427
39380768
39401287
39405454
39404685
39280446
39479450
39426410
39557858
39586914
39564293
39502174
39419368
39349026
39535924
39594946
39438346
39478415
39587887
39530628
39395142
39581402
39580092
39243393
39453735
39549895
39364316
39470536
39511869
39403740
39450523
39344848
39453264
39455726
39331417
39412761
39461566
39554841
39516446
39359205
39425381
39516761
39245927
39412307
39443834
39488585
39446313
39363818
39508711
39490504
39402425
39448211
39476813
39499996
39327416
39400262
39396579
39389712
39478996
39373655
39386835
39473939
39423936
39414982
39419502
39432250
39356202
39489560
39764094
39402026
39308489
39465230
39451278
39603334
39448041
39432473
39373534
39305211
39477349
39386245
39340315
39460431
39406075
39396374
39479189
39845382
39539033
39271101
39746727
39445817
39376729
39431249
39486461
39403317
39382242
39405899
39951172
39451053
39322937
39356468
39494723
39437936
39515292
39233112
39383337
39511061
39446643
39522000
39455735
39477303
39411646
39402210
39498153
39469982
39420797
39386106
39499140
39390458
39301886
39439033
39480681
39376329
39362965
39337399
39554976
39578821
39436344
39329432
39300814
39322133
39325614
39429157
39412061
39403062
39338571
39479426
39430122
39544683
39391473
39389290
39337440
39350192
39429284
39287484
39531430
39348283
39330704
39376592
39340741
39399884
39303881
39316143
39497474
39399795
39461596
39436741
39635115
39472213
39428268
39460249
39493292
39464918
39396869
39408437
39496254
39197841
39405006
39400776
39420447
39504381
39398421
39409922
39391240
39452170
39492132
39526509
39352285
39375677
39340952
39220184
39472653
39386129
39437276
39469635
39377077
39459452
39298581
39165119
39359103
39397911
39518265
39361052
39379830
39577737
39235321
39403363
39338588
39263971
39309243
39376100
39429627
39368172
39410352
39289057
39346047
39376738
39282195
39338213
39319353
39743795
39314737
39364782
39397851
39424706
39606608
39164437
39340651
39352141
39505511
39409672
39364929
39495960
39317770
39318282
39444397
39311417
39238190
39421065
39424236
39364957
39443226
39343038
39337305
39358414
39421946
39427192
39441068
39339424
39336649
39534573
39340143
39345997
39458827
39185147
39486371
39396405
39302982
39415165
39327038
39316261
39276279
39232398
39297922
39405624
39331619
39348690
39317071
39243985
39436052
39270894
39726914
39296708
39268314
39578471
39285135
39450876
39399159
39249914
39292927
39326002
39319684
39371327
39413470
39152578
39361142
39459251
39324929
39421226
39269245
39347992
39277511
39455289
39240960
39250921
39308518
39366356
39237623
39351367
39298422
39391885
39437318
39343811
39246622
39146302
39398841
39336840
39412910
39292055
39242688
39237947
39260313
39352518
39279599
39257213
39252355
39341831
39182089
39253891
39258604
39337505
39622790
39683767
39282099
39354495
39236198
39364784
39309153
39235803
39332078
39316717
39387860
39322093
39280049
39312279
39361810
39333407
39250344
39354908
39278664
39209075
39232428
39266151
39362073
39272332
39255205
39280450
39308214
39340935
39319654
39309417
39443313
39346320
39256659
39338346
39327244
39357366
39249110
39338192
39362533
39228860
39144814
39181932
39547047
39346405
39473344
39297287
39303581
39242084
39331484
39232587
39325205
39307777
39154756
39613931
39228211
39315848
39408578
39257719
39334573
39364603
39185410
39173268
39346668
39149577
39249858
39367337
39365201
39305932
39275094
39171955
39432916
39374341
39367331
39289998
39276125
39326669
39309129
39301520
39314399
39330642
39225916
39280963
39289526
39261570
39278152
39221162
39457262
39315851
39168147
39310041
39270497
39316472
39264720
39279837
39231778
39223910
39448497
39465154
39300054
39270217
39315956
39257833
39384920
39342791
39253055
39391002
39318207
39412499
39344755
39369578
39278551
39357174
39296386
39443884
39338378
39618762
39242490
39378942
39311483
39203923
39328862
39272384
39300005
39385370
39320311
39314906
39328336
39370545
39217090
39231994
39313917
39230882
39228985
39204022
39303589
39316296
39311735
39175569
39216409
39127385
39175919
39183979
39392887
39255588
39363875
39281380
39283282
39186234
39211989
39273086
39337038
39307383
39241225
39169776
39263382
39284127
39315696
39264072
39227176
39168504
39223851
39203894
39199011
39187803
39405228
39178087
39177485
39234980
39195285
39361028
39289075
39391390
39247316
39203917
39154862
39332626
39095303
39244797
39427303
39239246
39340389
39306032
39340619
39236674
39572733
39239427
39421460
39180153
39291346
39238543
39189836
39273914
39357849
39250511
39244738
39230481
39234804
39174005
39316807
39194610
39352177
39349425
39245117
39305930
39268085
39381419
39233874
39266755
39151473
39164156
39294991
39246998
39218343
39318635
39187748
39175298
39187546
39264038
39478178
39299930
39312702
39247299
39197633
39335426
39324470
39318737
39224693
39219040
39224550
39036048
39255536
39184603
39234500
39197693
39005529
39131710
39147373
39277080
39137744
39121605
39251793
39122147
39288748
39212105
39175035
39178114
39203322
39004612
39147672
39198807
39107448
39163478
39207996
39221351
39171133
39306242
39269162
39128026
39216126
39161381
39264355
39337109
39205656
39265776
39134762
39266913
39224232
39156563
39045923
39261576
39145609
39206589
39292179
39261239
39201253
39149902
39246166
39388525
39258876
39163254
39184769
39218917
39123660
39349395
39247736
39163498
39179134
39155772
39235679
39148835
39136191
39135772
39206670
39164741
39167305
39180927
39247377
39105413
39198359
39167250
39337345
39217308
39296231
39192855
39137732
39269542
39101778
39351131
39238955
39197656
39371288
39148970
39243676
39280796
39146502
39093340
39151623
39175829
39253560
39194220
38981338
39202606
39216764
39041736
39252347
39093675
39197168
39125069
39317826
39225791
39211129
39097991
39128561
39136522
39163828
39205839
39248973
39085770
39186347
39180812
39341342
39134436
39153074
39264183
39175923
39293409
39094617
39012493
39087903
39240404
39139172
39187714
39413018
39102153
39098155
39263569
39236686
39231637
39216055
39191813
39065309
39181172
39155345
39329613
39193042
39196267
39117665
39250531
39226314
39291519
39218249
39109836
39164453
39103514
39169045
39276942
39276904
39149732
39108174
39068038
39320530
39177171
39147323
39096593
39135889
39147836
39116127
39133951
39122470
39193173
39209914
39134061
39241985
39117783
39237931
39116436
39164768
39141538
39113390
39051726
39155647
39267163
39108315
39097784
39104763
39079767
39111113
39260770
39065113
39268921
39193451
39328015
39344695
39336302
39074807
39120027
38986262
39027903
39007969
39155045
39127551
39094741
39187331
39201505
39239557
39254559
39051502
39124845
39146476
39200694
39158132
39226956
39082503
39286867
39183282
39112301
39203574
39165258
39096559
39070148
39206025
39288273
39300810
39208631
39078677
39148752
39203486
39184165
39108673
39030653
39145120
39073502
39187730
39167790
39188125
39108985
39175907
39120731
39124836
39117544
39158617
39148790
39152348
39275805
39178772
39099151
39096658
39032246
39253233
39135780
39078762
39074383
39056586
39253791
39118541
39126612
39079620
39138288
39176338
39184657
39207481
39039266
39076086
39117118
39109684
39073578
39091572
39129246
39093752
39195924
39208860
39084216
39032910
39099338
39128772
39003934
39089137
39232302
39083210
39039089
39103949
39057371
39181166
39228139
39149900
39046822
38980751
39163049
39018752
39199101
39116968
39064086
39068271
39158235
39117732
39135958
39101052
39159431
39103226
39121991
39241269
39010486
39078287
39139516
39086297
39086149
39098056
39325316
39117731
39125275
39070265
39005573
39355259
39142609
38936977
39041561
39042314
39160070
39064191
39083098
39078689
39139254
39113714
39152950
39073680
39132126
39035369
39074157
39171377
39100960
39089580
39162908
39210513
39219580
39099309
39107232
39014756
39086988
39192672
39045812
39074666
39145244
38986905
39096624
39043566
39098530
39079709
39153192
39102091
39031931
39140512
39084241
39115376
39137896
39250058
39124534
38993076
39025264
39107498
39113315
39101160
39074366
39036666
39080587
39009384
38993523
39056811
39144536
39087825
39059274
39125277
39099913
39097436
39099414
39090772
38980873
39017046
38972505
39067904
39010440
39104992
39096444
39013468
39116422
39171727
39069628
39134804
39100397
39108341
39052361
39148841
38985286
38991175
39026365
39056555
38944516
39159816
39061383
39070584
39121109
39001383
39065426
39095096
39270439
39100188
39071625
39106613
38892182
39036822
39102021
39123637
39079216
39037847
39111254
39035119
38991912
39044188
39039402
38874264
39180826
39108970
39039670
39069085
39036261
39189938
39106221
39037633
38986944
39134657
39054962
38993082
39212518
39032846
39037773
39326224
39193151
38987678
39053043
39075268
39082507
39089998
39046571
39099040
39062443
38895564
39050474
39063813
38907447
39023666
39016074
39087267
39033209
39070064
39050734
39077693
39010242
39030611
39192219
39010177
39057796
39059488
39058676
38949571
38982337
38982676
38945230
39082838
38992858
39005634
39036234
39027098
39004623
39025795
39044829
39101467
39024620
39033634
38988666
38972290
39009853
39090000
39011430
39029928
39015705
38982303
38945284
39082011
38944029
38997712
38994129
39089434
39015228
39083965
39080465
39011996
38992105
38964612
38995153
39085711
39034748
38914236
39038516
38984168
39101380
39054579
39026478
39012093
38999834
38966474
39092755
39028383
39003290
39057990
39051280
38949645
39041968
38973234
39099706
38998515
38962740
39079248
38982875
39098375
38968230
39046636
39132335
39068847
39043676
38914001
39098379
39084307
38966890
39068977
39120135
38913651
38995027
38911420
39083547
38987119
39011580
38957403
39107878
39074323
39085233
39053181
38995587
38901272
39036076
39044309
38965662
39042462
38989201
39029027
39030911
38959416
38950440
38928815
38891183
39013808
39014426
39059630
39046115
39218586
38960954
39007714
39070816
39058628
39059834
38870360
39018342
38970565
39142703
38986690
39061079
38957612
39027573
38980566
38958640
38945140
39008809
39011634
38971575
39055137
39037082
39047567
39157695
38949882
39048294
38907856
39016387
39108568
38951134
38975700
38934397
38959039
39038468
38921681
39049492
38924983
39020929
39021630
38927073
38907958
38986710
39117759
38965705
39006815
38951373
38854320
38891976
38977730
38979566
38960818
38977000
38946835
38931745
38999692
38983774
38937112
39050796
39039717
38943630
38976470
39052201
38995355
39053898
38979825
39019595
38957430
39090754
39111868
38982602
38942765
38983797
38886181
38947248
38975555
38920691
38900855
39037892
38923744
38981129
38979353
39073556
38952326
38975426
39074306
38884093
38942833
39007734
38916257
39053542
38850006
38874479
39019126
38979404
38945352
38885716
38983595
38948237
39028947
38938537
38978706
38953670
38967945
38928490
38889865
38950858
39036426
39033889
38948771
38855507
39013509
38994391
38959163
38914132
39074087
38986946
38940418
38883767
39010287
39074848
38968945
38884061
38953624
38951918
38906698
38978382
38942286
38970869
38913041
39024597
38973967
38952080
38989204
39024590
38872380
39016504
38901192
38952886
38902348
38985850
39015096
39024381
38914678
38781653
38889670
38914030
38950270
38981606
38933068
39007069
38893605
38930224
38954678
38885865
38991509
38834069
38958087
38958204
39021474
38934915
39058161
38957103
38753009
38931138
38879545
38927892
38847377
38884250
38954903
38895964
38895136
38885663
38992303
38961473
38915589
38828634
38977628
38949109
38875340
39026433
38926807
38875724
38966272
38997584
38976451
38971098
39037179
38887651
38953761
38911379
39021415
39053738
38932374
38951721
38937819
38862339
38910958
38794661
38934091
38876169
39007123
38904062
38957138
38906895
38861557
38934174
38808809
38940908
38944673
38906225
38850045
38921412
38864685
38906212
38933379
38876297
38877480
38889408
38992454
38867564
38818434
38905633
38836286
38992690
39049608
38881847
38988482
38851890
38807320
38946810
38861216
38974445
38913273
38870017
38926715
38827877
38916351
38841795
38855181
38917503
38892522
39007054
38872050
38909046
38956155
38868653
38857457
38790000
38834999
38842457
38857198
38942267
38944165
38818067
38796072
38953060
38879039
38804841
38959657
38945411
38779722
38894336
38898551
38936865
38866635
38771972
38837402
38953976
38905380
38963334
38884633
38950160
38904934
38726789
38852846
38885060
38788801
38873874
38802320
38868881
38884154
38863851
38922751
38856524
38801098
38848029
38875967
38910302
38884136
38920992
38740712
38841140
38873548
39014841
38950343
38939574
38937011
38857213
38841072
38848111
38969500
38847268
38957455
38795106
38876042
38823205
38886528
38896276
38829084
38851394
38836001
38870059
38829423
38859511
38684298
38792522
38878639
38837354
38986294
38792335
38784749
38788446
38895458
38785570
38945994
39058171
38887817
38827747
38815101
38844122
38879099
38836514
38784669
38868900
38877100
38806741
38863694
38848955
38887769
38785732
38788121
38803643
38804627
38773360
38825701
38919094
38805622
38900873
38968420
38964673
38880020
38873616
38911977
38850965
38830379
38823272
38791811
38866102
38863219
38898873
38842255
38793512
38785791
38803616
38826398
38839474
38855047
38843838
38933616
38894957
38742161
38859066
38841748
38887177
38820806
38862390
38843755
38826830
38737925
38776925
38795628
38865815
38773697
38792391
38933932
38845134
38990765
38818050
38789176
38849040
38810490
38884036
38770584
38785226
38884681
38842958
38831822
38832743
38864481
38778816
38605415
38812894
38849588
38783351
38817766
38893327
38860361
38942164
38944783
38872279
38787285
38870541
38834164
38947913
38833571
38743685
38757427
38899309
38808295
38874665
38824835
38861888
38822984
38851696
38839599
38848261
38733559
38788036
38903283
38825583
38895234
38800678
38933397
38817296
38787097
38752859
38804566
38926328
38749544
38857651
38804107
38884900
38857500
38873046
38782954
38863132
38853288
38831374
38900659
38871808
38767873
38733900
38784612
38758567
38823053
38874871
38992236
38859068
38829415
38721899
38839855
38749293
38848855
38872197
38770754
38786647
38806436
38757300
38848904
38870326
38821998
38828168
38711369
38798299
38817961
38859405
38795773
38807563
38752479
38830413
38805836
38791113
38709707
38880637
38747819
38873219
38760335
38775226
38751675
38797588
38893375
38752496
38820969
38654810
39027751
38560087
38699560
38808539
38794636
38789141
38735568
38847266
38850206
38781023
38809718
38792360
38794593
38859745
38781404
38835372
38756374
38880877
38783914
38805994
38893502
38769203
38873885
38754247
38814625
38742106
38737260
38721431
38737783
38793107
38808487
38793232
38725528
38755579
38811970
38758966
38906881
38798754
38760879
38748567
38718707
38748958
38935479
38694368
38764855
38785589
38827065
38759416
38865832
38755036
38710460
38802325
38857066
38875983
38759051
38694659
38854440
38878581
38813472
38732280
38804531
38795824
38733424
38778374
38692259
38837693
38748221
38741227
38772052
38751925
38810120
38871677
38672342
38713427
38810157
38916667
38732935
38746273
38724009
38726248
38803460
38765238
38788506
38758341
38739286
38823115
38783542
38752981
38750105
38899928
38603276
38869565
38869573
38753850
38865609
38826654
38726632
38739003
38732260
38704393
38770067
38728403
38776184
38721941
38752789
38747398
38738316
38736155
38730843
38742280
38842897
38721176
38789873
38691584
38673769
38834765
38797106
38770653
38736783
38593382
38791225
38775218
38774353
38724434
38679796
38767318
38796428
38725874
38884686
38729597
38842931
38698199
38715137
38672484
38691962
38760726
38792017
38775742
38619949
38739434
38690509
38775319
38653160
38777438
38765250
38780419
38745882
38756195
38618348
38852147
38864418
38797493
38703828
38681762
38669162
38761721
38663753
38751064
38776139
38713630
38733965
38796814
38749455
38678886
38783613
38657166
38694644
38644347
38787755
38818065
38741779
38644449
38669758
38708225
38654760
38802318
38783118
38703943
38762889
38745176
38801668
38724990
38618350
38702615
38698374
38757961
38576358
38640131
38715149
38731831
38800039
38661424
38695967
38682618
38721990
38614613
38694399
38742526
38751754
38756721
38636524
38754440
38673315
38552757
38753537
38780617
38597132
38663599
38774064
38671398
38725911
38731388
38710582
38784514
38715034
38720397
38767370
38753011
38732523
38753274
38825122
38733833
38735608
38628236
38736941
38819995
38719779
38620683
38713353
38714144
38651626
38674521
38647393
38685015
38705423
38763949
38602651
38645988
38745955
38663720
38685018
38763989
38797388
38695542
38678381
38776148
38577821
38633966
38689396
38628606
38731965
38846743
38767078
38800931
38670510
38678734
38845312
38727253
38664662
38640928
38657251
38652161
38695283
38672929
38721581
38755712
38707510
38689430
38644051
38700592
38735981
38718242
38680881
38691313
38732341
38824534
38690652
38701633
38661668
38658607
38691262
38664165
38554307
38671649
38711444
38640184
38811541
38769111
38618190
38747947
38631928
38694940
38628006
38611140
38764084
38720101
38684123
38629607
38717123
38612822
38551581
38669474
38650308
38654829
38624630
38660037
38633817
38638905
38647302
38680901
38740446
38766517
38603282
38697139
38786719
38700769
38643564
38600610
38791146
38582896
38590530
38819885
38633007
38685805
38705921
38734367
38715328
38698406
38702670
38727665
38547085
38489743
38665718
38628258
38710658
38549974
38599919
38765233
38673413
38620501
38646185
38694625
38753227
38580238
38739973
38617279
38601934
38595890
38601232
38616082
38584067
38657889
38716322
38759109
38656041
38688203
38599715
38671505
38750702
38696243
38513179
38737281
38671444
38706095
38557909
38761221
38603629
38678622
38627874
38621877
38743568
38655975
38650032
38613860
38554690
38600782
38708662
38489316
38598513
38555823
38616286
38654724
38617331
38783020
38636061
38682000
38650262
38610379
38647043
38514115
38614872
38524421
38681331
38608050
38651904
38669015
38581506
38807316
38634991
38613323
38504189
38675644
38629248
38591542
38738995
38619021
38728653
38620076
38599461
38669065
38559519
38601747
38688001
38719512
38668504
38522665
38685602
38580105
38640308
38702412
38638830
38529763
38621066
38576736
38664416
38594931
38609901
38602189
38690936
38821326
38633397
38716574
38616405
38567478
38625781
38673532
38621311
38642199
38605558
38660074
38602922
38557370
38529636
38704010
38642328
38602598
38542245
38601030
38471736
38593008
38650946
38640282
38790496
38606546
38612135
38687022
38633050
38676056
38695049
38717651
38544971
38564639
38471567
38601590
38594480
38555151
38574284
38684576
38599063
38677884
38666230
38662101
38642111
38602821
38600567
38608739
38610134
38604371
38673179
38514690
38499214
38588272
38661906
38595679
38539899
38625063
38651321
38561165
38530077
38575271
38637788
38518418
38523176
38614352
38575296
38574630
38704513
38606252
38560186
38685939
38556754
38489386
38576499
38575020
38551370
38577782
38669636
38512472
38576076
38696332
38668199
38549345
38575766
38638637
38532196
38644405
38513121
38713060
38574048
38578590
38645037
38603631
38637779
38563777
38624634
38522567
38510846
38625610
38541624
38641102
38786080
38611133
38587378
38574999
38561314
38535447
38627994
38562556
38564397
38558061
38567694
38698418
38606175
38651362
38583850
38434153
38539293
38578147
38628911
38583001
38530270
38557398
38658142
38605396
38631590
38559172
38661059
38567338
38570351
38635403
38535371
38607523
38857123
38575627
38591038
38537048
38548868
38626538
38569220
38592954
38546573
38572327
38617642
38555498
38556315
38720235
38547173
38552852
38459427
38717164
38655410
38538380
38491088
38571470
38500283
38565964
38629062
38522527
38546647
38604443
38561063
38574639
38622279
38597334
38554908
38525808
38521814
38560607
38536644
38477525
38631888
38588400
38520828
38552143
38574909
38539617
38543550
38511700
38507399
38534427
38453536
38548228
38555004
38471279
38495429
38535348
38588716
38548444
38503770
38639371
38539866
38567776
38560128
38555808
38623329
38590649
38497973
38645287
38643705
38477102
38508423
38574055
38485802
38551241
38536643
38511732
38692217
38504845
38581734
38495222
38474931
38605183
38723573
38549133
38577193
38696621
38546142
38521009
38446630
38630628
38581177
38489422
38534065
38499073
38475722
38687762
38485800
38537007
38589213
38542537
38557849
38479486
38504228
38519366
38548520
38622677
38539953
38469910
38508670
38573756
38548107
38570595
38533730
38546049
38561272
38521509
38485904
38538167
38561767
38533442
38511501
38576730
38455954
38389227
38454836
38563864
38492533
38515521
38470230
38501103
38557089
38542195
38519524
38500072
38456857
38529693
38474946
38515688
38563880
38504883
38459746
38425573
38524474
38602080
38459982
38503788
38465676
38478960
38530428
38536766
38520172
38503946
38532911
38535565
38534211
38476593
38636117
38561021
38514300
38602993
38467406
38369270
38534080
38550026
38525739
38447326
38496709
38544979
38487163
38483119
38470730
38505584
38474948
38488646
38521309
38513975
38496633
38576813
38444221
38562060
38569924
38384118
38451336
38458848
38547120
38530076
38551889
38447455
38571543
38492304
38546073
38491865
38608048
38460662
38572626
38450992
38459700
38485421
38478311
38482122
38527906
38453953
38499813
38507851
38513078
38496456
38517535
38452909
38483240
38489845
38427498
38594019
38450537
38417382
38531116
38528290
38478598
38417902
38471653
38500384
38450726
38500225
38411802
38541103
38447246
38496303
38469489
38353996
38492495
38536944
38513683
38497487
38504336
38453286
38462474
38460482
38475253
38481799
38481560
38425947
38436595
38431008
38449228
38405608
38674085
38523315
38588670
38502896
38440188
38431695
38417966
38448362
38347548
38443226
38450907
38585900
38449050
38500769
38523232
38437357
38417303
38462961
38491359
38446984
38528869
38543588
38496385
38481448
38440662
38511553
38529633
38453526
38620515
38413046
38428979
38467086
38476015
38405742
38478386
38468402
38450271
38428870
38462998
38484144
38424839
38479147
38531660
38433453
38474614
38497748
38528545
38457957
38528864
38511368
38484276
38442907
38474337
38479502
38443125
38494105
38405818
38503728
38489008
38489272
38431701
38422813
38456482
38541825
38430732
38448189
38435414
38364238
38475026
38504805
38374923
38510309
38515664
38505772
38477937
38439008
38474401
38529716
38492482
38402548
38436554
38420535
38492488
38442137
38452069
38461275
38434191
38497460
38500208
38502277
38412624
38452730
38428636
38429185
38368612
38440651
38419172
38440355
38419358
38436807
38428293
38526156
38454749
38452734
38373345
38465438
38450588
38462536
38406035
38463164
38507723
38459155
38412015
38410845
38421094
38384442
38441788
38544411
38476155
38356017
38464669
38404916
38426493
38419936
38379095
38396946
38376216
38419170
38424350
38322396
38357855
38453652
38413299
38472110
38479748
38441159
38388152
38444396
38397668
38389726
38392193
38381998
38350180
38467818
38411247
38384553
38456025
38458811
38407838
38429855
38345410
38479980
38415992
38436347
38503799
38437265
38364889
38350184
38444846
38447691
38393232
38384109
38434932
38356239
38449164
38400018
38452104
38357016
38371423
38425675
38405563
38435082
38454943
38433853
38453225
38451143
38443656
38389597
38360348
38383455
38407266
38433238
38401840
38437670
38403507
38436834
38370111
38421591
38366495
38399996
38386350
38425358
38454711
38455992
38404806
38381262
38332729
38370677
38425241
38369719
38363904
38347346
38410934
38390169
38319290
38379135
38396572
38361826
38379325
38356552
38372332
38318785
38429889
38424519
38457173
38346107
38418168
38420847
38411657
38377579
38455735
38450512
38406622
38351489
38414538
38355766
38242786
38416264
38442122
38439597
38416744
38379603
38396376
38389316
38420867
38438732
38422669
38386709
38364176
38358612
38309842
38398253
38459841
38396887
38347003
38381468
38324896
38345974
38373990
38360281
38347468
38389535
38346283
38390319
38406256
38317571
38421137
38303669
38311400
38402869
38335990
38350319
38434762
38358918
38340997
38391011
38443146
38346001
38334874
38352239
38362531
38320047
38378059
38359152
38400897
38373233
38355323
38415739
38357213
38350060
38359612
38320009
38447883
38381695
38306485
38391520
38255627
38364316
38397999
38282576
38318598
38381676
38349401
38335083
38336724
38336893
38387984
38351184
38447219
38348513
38254980
38346672
38311307
38324890
38353628
38560669
38368415
38327864
38363680
38330922
38406248
38360873
38403340
38346020
38367396
38367688
38375551
38365535
38318187
38352205
38336370
38320805
38273688
38371385
38349592
38378741
38388377
38336834
38374103
38319158
38321810
38338242
38384449
38338887
38306734
38299621
38378638
38299315
38342811
38338423
38437042
38320069
38226613
38338082
38384700
38288932
38317723
38411311
38323000
38349200
38366721
38327486
38279343
38356674
38242158
38337475
38365931
38406290
38248559
38245502
38363594
38311829
38321590
38308671
38347458
38266266
38390000
38349534
38225650
38267409
38333652
38288586
38368413
38423946
38286731
38388161
38361932
38295595
38302312
38347540
38207372
38395537
38321417
38362459
38364534
38351134
38284757
38349513
38351738
38320202
38356333
38353632
38339892
38344562
38339809
38318305
38334755
38343874
38425541
38392906
38322582
38312363
38315907
38302122
38328785
38348186
38303160
38308456
38310516
38317919
38343376
38235412
38337193
38289464
38327237
38299461
38265670
38249266
38300738
38372081
38350237
38318709
38299564
38289183
38286882
38342947
38353666
38303915
38388401
38417368
38349230
38297011
38425826
38331302
38308876
38311378
38318160
38272848
38276004
38298174
38246471
38330486
38393215
38310361
38235504
38273361
38376833
38273321
38242658
38360353
38369814
38311757
38245689
38276015
38255777
38306268
38304907
38358882
38276614
38318595
38290041
38310206
38337609
38296079
38276959
38253288
38332107
38417493
38303347
38336309
38242531
38388480
38255163
38305147
38324566
38280406
38270203
38189167
38278890
38339422
38268356
38237579
38253938
38243694
38314294
38327759
38298013
38315564
38272543
38320576
38354298
38322817
38298022
38240435
38247640
38264133
38277409
38252970
38324913
38412207
38280412
38310910
38267566
38273528
38239110
38207964
38295807
38277676
38274579
38223898
38338837
38223565
38208702
38228368
38265506
38292203
38334820
38243315
38268667
38219125
38279013
38276105
38356360
38223349
38258383
38244668
38223338
38240777
38297352
38249041
38270193
38217951
38235047
38240656
38288695
38343186
38262881
38233399
38214052
38288130
38207263
38274528
38290443
38351612
38255319
38298402
38215151
38300399
38331244
38294443
38299316
38279653
38179620
38239238
38245855
38298696
38242989
38236935
38103719
38156456
38292965
38234930
38226095
38355775
38316972
38225014
38235896
38261544
38257891
38258986
38360246
38298088
38283089
38232800
38222944
38267780
38350373
38224248
38245440
38213115
38237529
38186715
38190914
38252443
38222785
38144401
38223753
38267814
38235562
38211270
38271949
38252487
38267787
38258294
38263750
38285410
38255412
38253421
38146813
38149758
38241319
38243149
38226093
38225912
38219056
38294861
38262000
38254837
38211787
38222527
38355315
38243211
38265537
38216040
38289204
38250359
38228142
38372583
38203056
38251202
38216289
38299454
38235685
38199582
38207839
38224232
38244831
38265029
38234212
38215283
38191584
38202661
38222576
38204065
38183733
38214950
38328445
38257285
38274690
38205444
38239680
38358388
38170945
38208801
38282386
38145031
38226842
38219738
38252363
38128656
38262273
38260646
38222707
38258489
38295644
38281883
38202980
38305782
38246189
38221965
38157903
38135293
38238719
38223310
38241714
38186022
38214546
38176965
38253183
38168990
38244771
38226279
38197572
38173341
38122114
38227620
38228341
38229705
38222736
38251599
38261013
38278450
38249415
38293122
38162400
38260785
38221248
38261812
38116616
38182198
38202227
38174784
38127612
38188891
38241802
38159875
38259901
38195267
38207217
38156421
38226436
38218549
38120092
38232553
38245039
38147821
38187908
38219177
38142637
38202233
38244519
38131308
38186519
38367652
38229383
38198022
38159323
38205414
38283862
38190373
38138294
38214586
38142852
38226545
38174576
38245787
38226099
38235651
38239220
38227044
38183232
38208313
38168469
38213327
38178362
38147677
38128223
38176481
38221316
38161175
38239487
38166121
38131838
38292488
38178165
38194159
38178489
38141716
38156737
38101821
38169999
38136391
38168883
38204957
38176114
38188232
38152237
38189830
38167062
38204049
38231489
38200040
38171728
38178134
38082429
38155125
38129690
38185006
38214996
38154720
38145450
38184647
38208337
38171651
38173876
38215481
38116337
38251728
38295165
38159901
38174298
38141969
38135072
38150056
38199440
38128062
38192039
38117804
38169364
38180028
38181364
38171811
38287415
38135299
38153472
38171704
38146363
38244666
38189605
38156304
38258931
38105730
38113776
38237285
38177026
38181939
38154413
38064611
38197184
38047591
38137615
38169133
38167748
38160098
38192620
38074785
38170654
38155908
38120699
38140375
38261244
38128123
38190242
38176950
38069778
38143671
38180612
38187239
38174748
38108003
38138599
38127892
38178954
38069500
38235255
38080615
38141669
38177534
38140545
38217981
38119533
38130951
38160840
38135281
38205121
38197800
38186966
38155039
38120421
38111392
38105965
38093067
38215140
38193858
38200199
38017948
38051437
38168477
38126489
38194484
38163954
38124661
38120082
38128091
38127531
38133755
38103609
38153107
38100067
38201600
38126541
38128739
38143736
38116971
38098414
38125616
38166045
38062149
38094079
38091958
38166416
38122999
38130270
38098827
38176873
38110818
38137676
38139119
38087875
38096350
38121882
38127837
38176352
38144906
38137673
38110287
38115780
38167789
38111244
38089667
38239414
38178100
38170016
38115273
38116486
38092129
38129163
38231185
38106456
38134371
38096377
38143065
38092388
38111251
38120026
38101902
38053633
38055494
38062314
38108778
38179329
38160957
38100628
38123124
38106143
38110390
38075228
38105953
38068243
38006230
38020181
38092025
38299397
38077146
38133099
38110599
38099941
38123564
38062804
38048419
38083590
38121608
38078362
38097123
38120603
38008987
38167959
38141965
38093038
38068088
38102024
38158763
38063026
38093325
38078770
38133298
38120385
38102200
38021197
38111040
38015385
38097851
38132191
38107905
38023819
38144665
38102164
38044336
38097872
38095548
38110067
38082330
38011803
38182666
38093372
38067363
38075045
38040989
38146300
38069667
38162202
38221517
38123370
38121857
38120415
38045055
38111634
38202018
38091689
38104146
38096999
38055912
38077655
38087790
38053174
38107823
38124662
38029063
38132518
38078502
38096372
38068491
38035618
38080644
38059376
38123186
38078954
38032904
38088666
38029295
38037931
38070524
38089556
38077209
38111967
38121094
38157615
38075325
38068160
38120045
38048105
38049571
38050825
38034335
38028456
38156928
38058760
38060063
38029612
38120068
37999575
38010763
38048002
38034076
38171997
37996726
38166635
38102498
38055672
38087351
38110457
38060683
38062369
38071392
38086924
38050514
38001842
38094230
38016965
38063055
38064859
38081555
38059871
38098800
38097166
37959620
38077414
38057148
38032003
37985769
38073599
38032344
37978193
38042235
38030573
38050272
38076500
38183316
38050753
38023490
38136786
38085152
38041930
38024850
38071404
38015938
38010656
38016741
38032337
38050701
38024192
38096859
38016835
38040634
38013410
38050035
38026141
38037334
38042311
37982682
38024679
38096342
38086866
38013798
37991824
38015412
38082657
38092286
37995703
38059239
38034773
38054484
38023932
37989335
38030793
38028682
38052738
38072530
38050895
38015896
38092071
38079420
38039018
38042764
38025013
37980871
38020560
37990122
37975820
38216642
38030552
38018401
37983507
38017816
37982310
38019112
38025518
37990594
38011022
38040209
38013684
37938454
38062956
38066117
37998228
38014939
38047681
37997570
38022033
38044398
38073093
38015315
38041384
38122940
38042858
37999079
37994747
37922851
37988913
38039273
37998622
38022555
38024226
37974964
37966617
37986035
38020237
38022370
38007784
37995234
38077473
38012616
38077578
37970281
37968599
38008293
37966517
37999265
38060617
38011981
37992503
38022514
37982759
38035194
38051883
37963342
37952631
37962284
38009143
37980669
37989675
37986141
38001609
38017477
38024681
38039121
37992913
38077377
37995915
38018738
37978751
37997175
37976411
37982230
37925194
37979505
38031603
37999273
37996818
37959293
37967356
37983663
37970559
38006418
37993446
37981313
37945610
38085996
38114151
37994358
38217036
37992500
37942979
37983062
38002225
38010410
38009450
38042485
37995495
38014825
38002189
38212163
38001484
38005670
38031882
38016980
37993016
38003128
37915696
37915121
37979113
37945625
37944712
38006259
38098180
37983060
38037111
37973833
37991942
38004362
37993397
38010941
37937357
37959094
37914257
37967272
37946362
38032041
37963416
37976936
38010672
37948674
37929498
37974357
37952919
37982674
37962597
37954723
38003622
37973550
37954167
37979333
37945262
37942056
37971384
37963638
37942297
37994629
38014764
37938509
38002843
38011811
37976140
37920416
38005113
37950891
37982344
37932885
37918265
37975271
37973603
37996406
37939013
37988701
37966782
37915067
37938415
37932946
37941659
37981087
38033975
37913976
37997618
38073179
37976423
37942251
37921836
37942016
37963832
37984831
37985067
37947671
37956611
37971335
37920899
37997649
38009661
37929837
38013641
37982892
37971950
37913435
38009151
37851705
37925587
37962973
37955692
38049966
37971932
37958430
37944064
37938573
37966038
37954048
37930523
37929642
37904263
37939962
37996273
37995520
37972202
37903186
37958014
37920418
38010101
37910332
37987848
37899829
37928002
37996656
37909391
37929073
37935512
37952286
37917045
37917856
37969409
37924747
37881195
37936203
37905151
37904092
37932951
37941161
37912073
37938386
37915459
37953908
37958139
37915423
37906228
37920475
37933343
37941069
37906353
37891137
37855271
37953552
37972741
37956584
37912744
37948826
37853717
37925314
38046696
37925477
37980392
37898262
37978229
37962863
37997403
37937154
37933478
37894566
37903726
37908346
37905985
37950458
37934245
37992738
37886169
37906818
37942355
37944797
37916118
37912374
37880746
37854978
37924528
37948803
37922808
37897351
37835719
37899590
37949734
37929413
37969283
37870379
37900793
37906555
37935015
37911347
37923976
37938949
37989693
37985601
37881876
37937204
37915152
37938592
37898828
37876428
37957380
37914664
37931343
37815930
37909702
37893844
37979851
38000184
37929271
37866732
37902654
37878421
37916407
37922260
37899720
37900611
37872095
37868534
37926014
37952311
37882657
37900885
37942832
37844157
37913307
37889517
37887371
37814811
37892595
37881711
37891007
37876127
37937887
37895310
37865161
37880294
37905775
37892173
37947353
37907847
37926931
37888795
37918818
37924327
37867005
37880455
37895072
37911316
37916376
37939265
37898004
37908589
37889869
37905333
37852616
37883065
37892899
37854958
37857614
37887924
37875945
37890835
37865287
37864504
37912433
37915342
37941882
37945149
37852035
37896486
37901095
37893928
37944350
37938588
37891033
37873651
37878538
37805606
37857921
37858167
37908336
37885818
37869868
37836021
37927810
37870132
37971572
37851674
37867334
37913799
37913716
37870222
37896198
37870784
37842698
37858983
37874575
37867207
37884859
37858670
37925181
37971487
37878324
37865997
37847276
37863990
37884159
37868681
37852061
37869446
37876544
37872990
37887919
37852722
37893687
37876426
37833287
37855137
37840251
37852235
37844843
37878432
37853611
37840888
37840541
37802385
37869784
37845156
37804942
37823241
37937732
37848794
37876213
37834594
37811989
37895659
37793907
37846200
37834333
37885806
37783371
37849069
37840956
37896964
37845692
37792292
37818204
37876011
37833547
37830603
37845885
37841746
37831002
37840841
37839553
37861146
37809453
37860738
37813947
37809600
37833310
37869323
37842905
37829949
37844597
37864546
37785434
37869085
37803826
37845547
37849451
37802315
37810194
37819018
37892163
37837977
37832398
37818476
37901517
37849016
37845548
37792764
37827618
37842063
37836755
37844412
37880024
37909159
37854463
37833440
37845274
37799184
37850235
37806331
37832602
37778672
37927598
37787383
37814482
37763080
37811502
37838952
37823168
37895839
37787322
37812981
37870502
37817771
37820655
37833117
37874917
37855769
37817964
37793470
37870683
37885839
37833191
37883847
37837127
37786152
37852210
37770141
37833483
37787061
37802426
37793262
37834087
37779923
37760015
37866080
37798635
37831787
37864805
37861602
37831788
37725892
37857808
37799794
37823626
37802160
37824464
37758474
37809613
37841049
37765275
37838342
37845090
37850029
37852152
37853961
37893105
37742460
37793355
37802262
37884583
37829885
37811106
37795280
37791306
37832913
37787463
37743277
37750981
37843097
37812936
37763621
37799410
37799165
37754336
37835495
37773165
37769950
37822630
37850001
37776328
37861351
37778713
37799553
37796769
37782819
37768828
37773034
37841642
37803176
37738416
37785164
37827594
37763117
37782882
37793888
37789144
37778064
37759940
37799438
37848759
37795052
37778097
37810090
37785946
37781410
37779044
37738309
37807584
37761523
37833772
37783725
37791180
37827921
37823377
37786236
37736555
37790207
37816952
37783285
37773017
37759597
37764316
37743507
37734563
37777370
37769418
37709217
37768401
37843010
37767000
37750982
37822844
37830521
37799798
37760246
37757523
37842610
37815522
37849333
37773094
37762430
37765277
37795664
37788004
37771742
37742890
37805382
37854655
37805786
37750950
37811735
37792394
37774809
37787094
37730418
37715636
37791928
37789117
37817842
37764408
37790143
37818275
37803666
37695633
37747671
37745963
37769467
37744143
37798648
37770674
37719097
37840617
37751581
37785235
37744621
37752710
37758344
37774287
37767147
37763891
37690522
37776188
37738778
37799970
37828233
37804347
37807609
37740096
37842198
37802940
37801736
37736663
37738009
37723607
37693897
37736605
37730657
37733392
37790030
37729149
37772635
37745124
37825531
37649769
37729905
37743159
37747592
37732215
37782725
37732842
37766011
37729977
37701112
37742331
37673171
37731677
37699675
37741505
37758370
37773707
37768486
37742848
37773157
37657849
37714782
37693029
37735642
37716776
37726094
37666724
37760343
37760322
37768054
37698135
37760847
37742260
37712865
37704318
37727647
37756135
37695532
37719512
37701759
37764487
37794381
37783297
37712650
37771396
37811107
37706150
37705162
37791392
37702986
37715617
37720371
37732574
37807241
37771528
37724968
37741755
37790591
37696051
37755801
37820695
37671448
37692853
37772530
37794542
37694214
37739340
37732085
37719756
37691380
37753360
37727567
37687909
37695050
37724425
37713235
37784270
37831548
37710842
37706703
37760676
37789817
37758596
37721311
37759613
37740287
37779655
37741680
37681663
37689320
37667308
37747240
37695414
37698354
37685036
37736131
37761156
37783331
37693325
37700971
37722679
37665039
37688542
37673633
37708160
37681351
37671815
37691365
37681473
37731660
37673842
37695516
37648378
37699893
37692870
37676673
37698037
37740619
37713468
37663761
37663323
37782151
37727525
37681505
37664705
37615388
37698317
37682800
37740522
37661795
37686448
37611415
37755518
37671996
37703326
37694140
37731605
37646160
37694405
37625503
37711999
37738420
37678506
37662693
37734649
37705893
37655853
37654653
37750621
37651291
37564314
37705797
37625283
37675591
37686303
37716748
37651049
37673105
37715185
37712374
37676218
37653113
37637925
37653029
37684171
37712828
37744915
37681533
37690898
37586042
37675827
37727084
37660373
37739287
37685515
37652992
37674471
37688522
37646614
37688944
37646430
37637383
37663155
37717159
37670015
37656033
37739508
37682299
37701205
37743671
37673336
37678136
37600797
37654156
37626217
37700528
37712042
37686966
37729096
37699691
37735512
37694959
37673869
37719582
37596025
37692358
37679110
37662557
37719482
37680335
37659125
37620567
37681619
37675892
37687352
37678674
37695158
37685097
37689006
37629023
37648036
37661827
37663816
37633645
37632003
37648386
37686584
37613740
37599995
37656736
37641021
37693904
37620736
37669701
37687449
37671856
37637250
37647647
37634675
37607822
37680659
37692470
37689356
37689506
37704669
37672816
37671985
37687422
37589971
37763736
37637173
37666589
37634548
37705456
37644366
37696032
37601925
37617131
37651050
37681832
37677116
37598499
37658277
37668779
37630548
37606574
37640849
37622759
37693972
37653844
37623032
37718615
37657500
37616579
37651689
37657772
37606712
37646926
37591840
37623107
37638559
37653193
37582248
37561016
37648773
37717054
37629300
37665176
37620887
37578392
37611486
37618580
37595012
37647787
37592460
37635612
37606689
37585237
37636422
37707906
37602175
37623017
37679417
37656444
37740010
37600162
37613142
37606351
37650338
37623941
37613087
37657867
37584105
37624726
37625001
37602553
37657271
37585110
37595572
37636604
37649723
37583617
37584294
37636452
37579814
37640689
37628849
37579698
37610179
37606455
37700780
37622938
37645015
37574281
37656515
37604671
37579813
37640809
37654019
37554698
37665104
37634883
37679489
37611044
37604565
37665560
37614822
37631123
37627837
37575723
37568615
37600055
37590759
37618727
37566845
37601154
37654896
37677251
37605496
37639060
37587952
37727184
37627822
37629335
37616341
37629513
37665442
37639792
37648145
37651043
37647218
37646762
37639766
37585880
37635982
37594261
37582783
37595001
37707402
37542188
37641785
37587666
37688723
37585688
37558740
37576455
37672814
37555223
37602525
37595620
37602813
37627949
37627917
37622847
37611603
37599518
37616500
37573928
37625040
37583877
37562076
37610100
37579211
37638371
37569111
37590743
37619576
37589043
37566518
37607662
37592866
37608311
37595284
37568987
37611376
37642268
37649808
37590786
37588134
37573944
37557050
37506527
37571581
37644796
37557850
37593089
37660257
37590702
37568286
37575462
37585984
37658791
37583761
37574068
37556222
37569830
37613836
37546007
37658532
37567845
37634648
37549772
37580551
37583634
37536445
37547928
37552734
37531953
37568084
37608419
37633324
37615183
37556904
37572979
37595862
37534480
37566709
37618553
37587371
37612202
37635955
37564873
37640105
37563373
37566906
37548456
37602585
37579169
37596239
37515421
37569184
37597633
37585360
37527164
37599752
37575979
37564161
37610820
37571810
37550196
37570819
37607106
37524710
37570644
37512912
37543859
37590161
37569814
37571305
37578533
37555418
37560352
37548600
37647804
37610444
37563241
37589405
37590014
37563613
37565566
37542985
37528979
37627896
37546065
37554405
37604309
37547875
37557767
37566716
37602987
37554753
37625632
37566696
37534576
37576233
37536757
37580379
37498019
37618262
37556901
37572939
37646741
37544838
37579552
37551385
37550221
37547531
37558143
37547952
37546001
37559901
37544508
37560340
37552314
37495521
37539158
37515107
37631145
37523252
37571504
37589638
37555452
37562166
37593496
37534481
37613380
37633566
37537565
37552831
37525443
37560588
37539632
37550227
37572755
37472716
37589129
37472009
37599981
37553264
37578462
37520325
37557580
37589308
37553819
37553529
37596333
37584160
37515441
37547011
37503275
37504345
37588951
37521908
37564343
37540733
37592221
37509492
37522077
37517839
37504116
37448907
37553835
37519866
37566867
37532789
37590989
37533267
37525374
37540111
37542499
37504787
37552892
37478076
37525334
37607088
37570290
37517796
37508800
37524642
37554015
37503237
37528294
37617090
37587559
37582876
37549536
37518298
37529500
37537405
37515844
37531669
37554730
37610321
37536152
37559587
37548217
37515534
37529351
37532840
37511480
37545866
37489795
37540636
37537415
37574815
37528346
37519035
37538639
37541289
37531392
37583776
37534563
37516622
37509004
37477370
37536131
37480138
37454493
37545385
37532087
37472007
37461814
37506473
37532066
37515919
37511560
37566322
37423491
37546978
37536254
37533568
37554188
37516677
37512973
37511280
37536234
37499507
37451956
37517674
37486040
37455878
37482871
37476591
37520173
37514546
37546033
37482366
37555145
37487875
37429183
37536149
37498289
37500355
37437512
37508787
37625914
37526491
37480631
37507322
37503009
37548795
37502056
37557852
37517854
37509092
37504594
37592446
37476850
37526757
37508895
37454430
37478683
37421236
37533110
37471322
37527333
37466522
37491016
37578610
37497769
37515891
37510975
37536618
37519437
37453663
37489868
37503004
37522551
37485584
37460551
37488464
37492016
37485017
37505078
37467570
37489309
37503364
37460240
37472069
37523175
37478250
37495537
37503204
37459200
37525674
37488270
37561086
37501726
37457056
37498601
37463591
37555489
37501839
37490669
37478570
37531357
37504988
37454439
37422749
37478900
37473479
37497503
37544555
37461542
37510739
37481484
37572052
37463418
37455545
37554164
37456985
37457500
37514782
37562784
37450996
37428185
37494635
37465277
37542321
37400640
37475156
37478447
37454049
37532620
37437171
37469296
37408038
37481573
37479082
37478601
37460232
37467080
37418192
37420794
37496283
37402900
37484795
37464618
37453168
37464608
37443154
37486837
37591444
37514927
37534749
37458185
37450392
37466341
37519234
37473942
37484597
37443037
37456480
37422014
37471437
37436066
37424173
37469757
37452736
37430941
37450906
37502246
37426401
37406507
37381831
37396467
37451613
37426390
37414201
37426564
37413444
37465378
37474925
37466485
37461772
37463709
37502817
37410596
37441438
37442599
37490470
37537507
37426591
37461174
37505660
37469349
37434148
37454563
37467709
37482178
37454410
37462508
37428653
37449119
37485838
37548826
37438250
37441148
37499335
37531781
37443428
37439034
37446806
37415581
37470402
37394886
37425505
37401296
37448924
37408730
37450426
37399125
37503102
37425293
37449743
37457316
37442266
37444296
37557547
37414223
37440598
37440187
37427363
37444316
37426769
37423031
37473234
37416517
37442101
37439933
37423597
37458056
37386767
37490381
37446695
37431463
37441830
37451798
37430472
37446689
37414182
37455280
37414312
37447539
37412873
37429253
37361253
37428173
37412615
37439154
37444493
37456600
37414714
37411891
37400731
37377024
37381448
37413898
37436883
37430262
37373255
37357208
37381615
37429940
37455442
37431520
37482434
37399829
37465132
37452117
37426910
37402268
37427033
37475195
37384434
37428784
37442816
37386298
37399530
37378378
37444492
37423953
37398167
37389155
37463582
37360220
37428648
37426473
37417909
37351134
37455892
37355460
37414580
37410481
37395084
37410414
37414602
37425943
37508886
37397087
37401822
37394599
37403070
37516414
37508092
37429988
37440012
37417257
37373081
37454914
37413806
37410266
37411365
37421288
37418523
37423870
37484177
37406682
37379411
37413764
37379201
37390172
37388515
37422629
37372047
37434968
37450943
37383640
37370009
37411239
37391101
37428288
37351656
37432174
37414026
37427005
37408423
37355276
37427008
37375033
37451159
37414605
37383696
37447344
37361909
37389961
37404967
37388057
37332030
37387809
37429857
37368126
37387928
37366041
37399167
37368796
37417216
37438602
37354755
37415232
37452008
37379957
37367914
37402276
37413002
37377674
37383211
37409176
37375364
37393122
37403859
37471837
37403617
37393786
37363122
37412806
37404733
37409700
37414958
37387452
37381034
37413835
37372216
37390883
37376412
37375803
37373865
37396739
37314591
37419715
37371752
37351830
37376383
37361306
37383467
37297866
37414607
37350980
37368837
37426826
37378904
37356444
37373884
37360661
37350646
37366007
37407882
37374560
37344056
37356083
37332104
37376517
37373655
37372749
37376932
37369145
37367324
37346377
37401968
37363145
37384001
37341572
37384418
37366470
37372938
37374416
37430897
37396809
37382408
37363316
37356576
37388761
37368110
37381713
37362911
37365990
37327796
37441942
37396019
37391229
37397074
37343640
37340771
37427958
37383697
37355797
37343006
37364505
37292014
37369527
37486287
37337808
37408799
37332846
37351833
37290282
37350996
37360887
37368563
37348444
37370099
37401804
37320543
37375373
37345610
37380668
37289875
37333764
37381195
37334795
37298464
37364137
37357513
37377695
37369857
37329638
37373186
37366720
37378355
37366771
37428175
37330076
37333734
37355870
37347561
37342307
37367015
37365375
37350095
37317510
37380347
37320009
37301514
37324007
37394209
37340142
37374389
37304161
37353036
37366603
37311357
37324878
37265237
37390019
37373016
37370547
37349130
37331558
37304767
37347906
37297697
37345684
37363895
37415089
37325055
37287498
37294522
37291987
37366935
37331176
37312199
37344083
37343637
37358666
37347873
37372616
37354440
37338746
37319428
37364834
37363366
37320013
37345294
37366125
37346887
37370573
37347325
37313780
37334820
37349774
37354455
37294338
37339393
37347821
37398840
37336347
37338359
37310205
37340740
37380222
37313538
37289469
37328402
37297813
37372863
37290950
37328238
37330560
37311523
37290561
37302667
37315091
37283980
37292044
37323370
37292487
37348245
37326281
37317988
37320109
37318362
37351270
37355949
37305305
37361649
37325310
37330580
37329524
37368257
37359305
37355288
37347071
37366009
37335333
37306307
37354473
37353991
37333637
37321708
37327248
37307710
37322827
37419549
37291646
37333256
37291521
37288273
37310537
37336463
37353156
37368442
37298055
37431357
37383005
37323643
37341603
37340464
37335063
37350863
37312052
37322489
37289730
37356292
37346227
37333906
37305806
37344357
37373861
37305607
37318256
37345494
37311993
37304185
37333724
37304801
37312713
37240249
37314974
37280731
37293782
37309878
37355937
37291242
37327303
37384842
37265747
37290879
37294949
37311334
37255873
37303056
37325665
37295664
37315294
37327643
37346694
37298408
37291343
37269105
37295085
37268825
37330226
37301635
37322203
37303949
37323582
37393766
37274708
37293918
37297334
37289222
37288300
37285513
37303862
37316999
37306644
37338850
37304699
37284740
37325706
37318121
37310527
37320491
37268083
37323841
37284147
37303064
37255141
37357879
37246600
37289387
37324563
37280167
37289116
37295561
37245526
37266231
37327127
37293464
37301192
37269351
37303917
37288141
37278900
37332259
37271128
37244505
37249432
37273263
37348900
37294882
37266835
37282448
37254409
37344704
37299847
37337203
37288781
37312190
37312186
37275680
37307645
37289234
37312520
37262632
37262714
37275836
37278677
37276286
37290496
37309952
37319118
37281840
37311142
37219035
37341299
37292520
37269961
37280044
37319706
37310762
37301772
37282184
37302304
37246484
37284754
37280547
37243240
37267050
37263580
37316292
37271619
37246787
37233774
37294426
37257524
37230965
37268997
37269730
37269416
37249576
37334300
37284080
37279082
37292430
37294695
37309678
37233347
37264148
37230161
37251414
37269595
37201581
37254729
37281851
37231294
37276708
37224316
37279313
37296669
37239229
37239995
37203521
37240219
37273763
37301562
37305020
37241750
37259406
37254627
37269117
37258047
37237517
37263009
37260593
37267608
37256996
37249905
37233298
37300940
37264333
37271280
37245756
37245892
37310246
37227573
37280775
37235709
37250065
37283558
37284327
37306682
37239775
37317005
37269968
37243891
37335049
37246213
37276302
37236008
37285124
37259561
37266437
37289165
37242562
37245789
37278454
37271688
37281814
37268693
37250480
37269626
37241587
37269979
37305047
37314953
37230091
37237002
37300037
37304865
37232680
37262800
37222697
37283023
37253581
37281961
37231420
37245426
37273244
37253101
37240183
37242254
37200879
37256467
37220529
37254796
37262864
37245031
37243267
37213155
37275045
37206431
37243447
37254323
37195512
37265093
37235294
37257759
37234249
37240212
37257299
37238407
37203849
37233822
37260309
37219441
37252985
37192058
37220414
37208252
37248029
37253528
37220489
37245331
37197576
37257209
37321318
37228128
37215691
37244185
37249165
37226689
37205090
37259092
37187496
37209330
37229867
37247915
37268669
37217854
37204292
37226714
37233856
37229588
37202038
37208997
37272356
37242444
37250255
37201503
37252966
37204646
37200362
37199402
37207054
37230476
37221540
37246318
37204433
37211592
37261941
37227106
37227932
37243875
37237676
37195340
37204206
37230255
37211435
37223370
37212148
37193040
37227924
37206561
37257086
37209118
37229685
37251739
37203978
37203472
37217160
37224891
37192285
37206827
37229054
37204177
37215111
37200717
37227831
37205663
37163769
37218153
37236707
37207139
37193771
37204565
37287459
37227807
37281785
37224289
37210866
37185309
37220310
37175474
37177180
37205454
37197978
37212964
37211395
37202237
37160436
37220461
37251889
37192829
37207616
37208278
37218551
37235149
37181227
37229174
37211670
37203074
37201159
37201702
37205866
37195601
37204076
37242092
37264887
37218972
37166521
37204436
37213410
37176558
37203532
37207865
37227830
37207714
37214758
37165303
37237747
37190060
37216517
37204987
37190831
37159712
37200755
37197859
37163752
37203824
37189043
37300053
37197700
37222561
37189416
37208341
37191285
37167219
37196533
37176747
37196379
37176837
37188602
37203123
37204199
37199401
37238831
37150758
37211772
37191906
37127931
37227827
37187141
37130476
37188555
37208672
37170529
37116480
37163516
37204926
37225242
37207215
37215383
37144457
37194594
37132972
37140015
37177416
37173643
37143653
37184088
37193951
37158667
37197885
37131066
37173032
37140770
37153744
37174014
37184648
37109050
37141725
37159497
37210405
37094846
37143366
37199667
37104990
37095376
37168557
37121550
37049688
37148252
37110307
37170928
37106817
37153902
37113129
37178102
37108415
37118824
37114620
37127932
37172166
37106663
37157530
37129985
37137682
37162357
37109098
37114897
37149424
37098200
37113187
37113503
37109317
37121694
37106163
37129913
37133576
37105559
37113495
37148998
37095488
37133193
37106159
37134662
37104986
37093412
37077283
37210362
37139639
37056768
37115280
37105492
37097078
37059516
37046486
37095695
37075219
37084435
37105543
37174734
37091059
37056185
37093179
37106631
37054808
37148375
37069864
37069719
37074116
37134079
37116169
37108250
37119895
37102317
37085164
37107089
37094279
37090333
37092744
37073664
37098165
37094587
37059298
37151300
37109117
37167458
37101556
37101937
37101159
37081840
37086798
37101960
37080712
37095768
37085273
37098819
37184653
37116249
37090045
37123696
37041072
37088136
37113623
37065565
37071835
37102576
37105847
37076162
37063737
37103625
37086958
37069929
37033939
37100105
37077250
37114282
37112523
37068914
37109311
37139951
37082654
37069231
37058356
37082668
37055824
37097958
37107083
37082776
37068252
37071884
37081750
37089641
37055168
37096662
37092229
37115732
37079724
37116008
37079803
37086160
37100740
37080593
37059616
37083533
37096984
37060833
37123246
37059299
37079752
37072804
37109887
37051108
37133463
37052495
37075822
37108774
37070402
37060443
37063182
37052795
37107007
37061078
37059449
37093286
37069776
37073031
37106149
37086931
37074262
37055798
37005383
37075166
37059195
37032964
37063442
37055072
37067437
37106516
37081482
37048572
37087657
37082453
37049119
37053001
37046013
37125491
37054878
37059957
37068666
37102961
37116799
37058860
37113033
37050178
37082681
37067993
37053747
37053280
37096158
37070967
37032284
37044643
37037826
37047183
37039168
37033712
37043896
37056180
37095987
37038483
37073316
37041505
36981084
37048188
37065243
37050312
37079494
37036558
37073232
37040827
37063849
37056492
37050657
37079322
36979720
37035174
37098875
37086305
37076853
37033501
37083162
37054937
37034675
37016701
37037729
37078133
37069754
37038854
37081703
37062802
37032425
37024544
37018563
37064828
37040271
37097326
37085048
37033912
37058750
37029210
37046112
37042523
37036026
37031277
37069672
37034969
37005020
37023750
37091631
37044010
37065568
36998655
37043992
37033793
37012446
37054017
37005015
37007944
37048512
37112144
37055604
37014241
37084692
37012668
37035977
37082550
37031797
37042647
37011877
37100705
37016778
37025177
36995479
37069138
37079846
37069358
37089842
36976259
37047198
37038334
36996624
37140617
37019863
37010980
37025707
37016504
36984890
37028112
37032293
37019870
37001148
37019382
36987172
37058150
37003198
37092965
37040518
37077301
37030614
37027299
37041490
37052166
37032805
37037038
37060966
36993251
37037213
37019893
37045009
37029421
37017643
36950653
37012165
37018276
37015953
36967529
37061530
37005660
36927960
37011864
36983411
37008715
37009268
37016343
37036165
36992989
37004288
37056292
36978860
36987971
37036051
37078162
37032240
37032924
36995430
36998643
37049096
36953786
36997507
36995431
37017816
36988444
37054870
37061254
37019784
36972644
37015296
37047151
36978107
36984678
37010984
36991874
37037658
37011984
36983248
37013766
37051011
37020187
36962883
36984726
36994655
36993233
37054404
36980502
36970689
37012709
36975009
36996003
36996184
36998648
37029270
37050187
37015815
37012694
36989457
36988782
37058405
36972493
37058404
37058403
37058402
36988484
36971784
37041087
36964744
37024833
37026445
36996589
36967485
36976733
37038129
36948547
36972829
36980679
36973286
37020555
37054899
36955351
36955519
36979229
36987140
36981999
37005184
36943106
36989035
37014149
36966199
36961844
36991732
36972729
36990566
36981006
36981202
36976737
36963344
36955415
36933088
36957583
37024451
36975938
37023194
36946941
37063401
36956294
36935046
37002847
36975690
36980660
36995434
37013109
36971597
36955774
36987859
37038974
36995873
36959743
36961373
36998820
37002369
36919215
36954141
36976878
36862812
36953650
36930014
36972942
36977360
36947586
36981384
36947841
36941984
36977488
36886104
36944014
36940406
37044258
36938227
36934222
36911074
36927804
36915619
36963417
36977335
36929548
36947100
36971562
36949153
36976794
36948907
36931759
36948081
36946530
36928219
36946743
36938356
36974843
36916671
36965677
37028900
36953247
36920928
37007000
36935642
36964701
36996854
36888285
36948890
36969016
36980327
36951831
36966892
36875160
36933874
36959240
36921820
36887224
36954397
36948254
36941270
36947765
36931430
36981729
36957640
36939277
36960679
36928524
36910457
36919321
36904481
36901558
36895288
36983530
36949870
36954799
36968778
36952435
36940219
36916800
36962503
36943500
36932212
36977364
36934053
36946621
36916335
36915154
36918951
36973760
36945654
36920956
36932422
36937839
36865040
36941368
36919229
36909340
36940838
36927286
36943067
36836364
36903355
36949816
36951242
36885318
36915143
36937767
36953696
36918568
36942596
36956307
36895295
37017678
36917605
36951196
36957303
36930888
36921586
36956576
36910165
36930684
36907373
36881642
36893837
36909301
36948031
36921795
36912729
36875590
36913551
36886809
36892595
36929889
36922652
36877631
36920346
36914210
36949272
36943109
36901456
36953235
36854813
36909602
36921666
36962454
36877745
36932849
36887294
36936247
36933801
36834783
36886145
36912502
36921460
36903068
36886131
36897659
36914810
36931349
36875887
36930899
36909691
36863690
36864789
36894833
36951732
36883272
36894289
36892872
36921009
36892283
36906307
36828680
36820821
36909316
36894667
36910894
36887252
36901609
36935070
36877200
36917080
36930588
36882262
36882986
36869382
36881728
36858765
36923242
36882555
36886114
36879148
36883343
36865962
36902224
36877164
36869702
36877773
36830802
36900244
36907800
36976567
36959313
36930251
36906633
36884510
36923266
36938374
36936519
36826735
36902832
36910544
36968488
36885582
36829782
36900051
36879123
36883062
36921862
36862819
36868068
36895533
36915488
36893362
36944077
36878022
36825980
36910621
36883770
36911501
36867662
36870153
36870433
36948797
36907072
36874554
36917785
36849385
36882694
36873767
36870225
36895827
36859939
36918797
36911721
36912600
36833521
36894957
36921223
36898335
36917456
36896388
36877994
36867128
36829713
36908219
36845053
36888315
36867147
36886887
36835123
36938274
36863564
36863879
36873013
36857669
36885797
36833573
36875302
36872701
36863128
36866229
36900638
36869242
36839965
36845423
36854362
36914984
36867696
36836201
36885590
36869146
36822253
36863510
36896678
36837789
36864698
36820147
36896110
36841982
36852669
36864887
36866037
36888232
36833267
36899206
36843269
36860428
36849687
36861875
36858169
36880516
36852671
36875663
36911411
36839598
36827742
36858790
36848690
36822360
36838700
36863225
36832978
36864568
36860324
36830017
36869351
36873604
36816423
36797176
36837692
36853460
36847434
36876994
36844737
36833635
36826086
36865529
36797004
36828715
36814298
36856062
36864594
36829023
36847072
36850821
36844449
36854229
36929047
36843942
36773226
36784967
36831805
36742628
36815148
36826489
36842371
36754318
36832184
36813144
36823116
36814899
36823513
36843368
36850110
36819064
36813575
36829711
36824044
36852713
36819746
36843807
36827097
36805355
36763007
36815294
36804762
36823608
36840834
36837640
36810930
36851602
36853052
36784195
36803344
36828667
36833530
36805247
36818622
36847847
36798324
36821607
36809823
36839889
36870753
36876378
36801037
36758681
36844753
36794721
36814241
36832586
36829184
36822660
36830998
36821487
36805870
36806023
36851327
36788359
36808542
36763101
36781685
36828055
36758416
36735932
36778709
36787789
36818312
36800390
36813676
36822320
36792034
36826226
36838370
36809448
36808113
36782991
36809851
36814815
36818769
36842255
36775269
36803837
36787824
36839339
36826768
36790537
36800895
36758687
36783450
36796186
36805546
36871793
36778045
36804721
36781315
36825087
36783016
36819593
36849460
36854393
36769072
36789394
36806791
36811847
36781126
36791269
36804323
36746595
36768868
36819372
36789103
36824772
36758630
36826892
36821051
36795425
36781059
36775581
36851770
36755042
36759551
36774221
36783369
36790248
36815843
36859286
36785998
36768384
36800216
36803641
36760371
36800243
36804655
36750052
36839069
36765879
36782794
36867185
36883280
36867855
36768269
36803763
36803464
36756220
36760790
36807734
36805306
36786877
36785642
36756301
36801914
36783304
36815189
36780643
36782412
36801184
36791029
36769682
36771921
36770408
36752746
36747110
36758383
36785152
36766367
36751828
36772665
36763566
36759271
36751591
36753313
36804958
36803977
36775648
36789209
36749946
36784979
36717903
36768495
36788440
36756235
36791457
36851755
36800750
36783784
36750489
36794387
36758394
36774296
36795836
36777953
36756026
36776813
36746811
36756247
36810068
36772635
36770149
36753723
36748204
36781624
36789397
36777246
36739110
36740619
36760046
36754123
36759901
36778315
36783421
36774055
36754688
36765933
36759785
36768757
36741582
36727378
36765407
36786042
36777899
36719815
36742086
36766411
36790099
36759632
36796805
36745233
36711275
36756502
36738374
36767146
36756548
36711263
36767529
36753845
36703168
36751112
36733167
36740768
36753063
36779459
36728477
36776944
36765049
36773750
36802996
36757902
36787926
36746048
36713504
36776410
36741904
36771298
36747137
36777137
36743239
36737843
36732772
36761691
36734537
36737389
36749440
36764189
36757675
36749427
36680724
36762905
36765072
36715249
36721163
36751586
36716274
36842176
36754461
36731641
36741113
36696266
36728625
36722013
36710791
36699978
36769688
36754178
36744007
36777562
36750540
36682858
36757064
36780698
36805661
36749442
36721234
36734583
36734551
36712550
36719433
36715626
36750274
36715499
36724851
36727169
36707788
36723455
36752042
36708498
36739055
36711423
36687032
36734688
36767214
36735313
36744198
36731166
36780268
36704261
36721684
36711163
36700819
36689289
36733978
36700662
36712919
36746842
36725911
36691565
36716423
36736960
36718859
36712973
36678768
36713866
36708878
36698937
36733662
36689771
36683839
36759102
36711385
36700882
36710209
36705768
36707089
36722412
36725708
36737410
36690744
36699739
36721542
36715611
36704346
36708540
36703277
36702246
36726800
36728131
36745223
36688054
36722235
36697114
36734113
36692811
36782961
36680650
36729784
36703565
36703707
36700061
36704314
36708898
36676788
36718623
36698044
36728321
36690324
36696104
36669512
36756402
36703094
36703518
36719296
36654991
36722269
36655061
36623041
36738108
36644588
36684118
36692509
36754197
36704669
36671497
36678082
36699973
36635582
36700035
36680726
36694673
36727995
36728929
36679710
36740602
36703951
36680740
36674948
36618230
36738087
36760069
36692578
36703276
36692304
36689146
36715874
36694746
36689480
36677870
36661117
36724341
36679003
36667229
36648441
36664052
36707273
36692314
36631271
36683755
36619056
36714827
36682171
36657975
36687280
36676623
36649349
36615912
36722149
36619563
36727012
36693895
36656896
36673554
36705262
36673538
36688925
36669511
36737515
36700791
36670848
36711355
36693494
36688940
36689098
36657826
36614748
36654965
36770653
36686369
36627016
36689961
36653133
36691616
36693768
36704282
36667568
36673304
36672809
36677814
36660237
36672710
36684356
36672517
36718247
36677095
36672907
36684570
36682809
36660327
36672271
36660111
36684873
36593860
36713383
36659931
36615994
36657611
36631774
36666769
36660899
36653676
36641454
36637794
36643776
36716095
36643035
36679722
36648202
36677265
36657798
36684716
36610016
36673211
36650518
36682426
36637365
36673801
36628814
36639213
36626943
36657108
36670687
36644925
36644282
36620298
36654255
36653186
36626214
36642713
36655783
36679991
36650887
36675117
36608014
36652783
36631639
36651900
36675526
36628769
36638855
36671495
36663293
36666654
36682317
36654745
36682760
36667847
36658707
36694749
36583164
36615732
36655600
36627514
36605787
36641997
36642595
36646411
36612147
36651453
36585070
36608689
36690887
36616483
36657974
36622919
36624069
36632836
36667544
36632890
36636519
36663450
36630399
36625350
36654098
36615161
36657580
36643695
36625545
36625109
36646878
36636345
36579547
36644184
36622325
36612615
36644895
36630747
36649307
36611867
36604729
36581903
36608274
36592735
36654790
36617373
36630267
36626585
36620116
36633404
36628278
36664342
36614050
36597215
36592718
36708085
36605158
36594876
36629370
36608442
36644324
36614416
36602852
36683449
36604054
36597096
36641544
36618852
36640168
36659853
36585117
36647080
36654479
36637958
36622233
36654655
36607321
36645035
36611777
36646295
36629218
36658289
36606516
36600326
36629966
36630583
36546711
36585122
36711235
36653823
36603306
36589847
36607551
36616789
36594556
36616196
36531829
36603174
36614795
36620698
36627411
36593321
36589165
36599393
36579577
36613112
36611674
36608844
36595850
36616485
36606727
36589286
36639033
36609439
36582143
36567841
36589856
36601432
36628601
36595271
36605756
36621784
36556723
36603652
36613792
36599113
36600805
36589195
36624498
36576665
36587134
36594795
36604296
36585698
36600583
36631440
36646278
36583946
36595901
36582384
36614026
36572897
36576853
36564682
36558930
36583049
36595070
36591267
36551888
36589452
36572156
36574131
36584365
36588330
36575163
36630783
36602270
36538999
36600218
36647172
36638098
36567851
36613961
36588425
36553189
36565919
36605538
36627010
36568153
36596595
36576685
36568712
36586353
36590470
36548983
36600791
36574772
36565537
36553714
36580212
36625145
36517409
36568874
36632680
36610129
36590797
36571932
36576549
36601822
36541808
36566626
36584666
36610010
36598829
36699677
36581469
36518127
36579512
36539830
36572861
36585722
36599541
36569830
36532655
36557872
36583179
36605552
36582831
36568519
36613342
36563350
36590648
36558747
36596291
36588753
36571512
36592933
36611774
36567644
36585193
36554500
36603475
36560847
36558026
36582637
36594567
36576483
36564305
36530164
36550593
36597012
36544454
36558663
36553559
36532146
36558318
36543991
36563954
36529902
36582998
36576696
36554191
36537286
36531436
36572630
36580325
36565854
36554374
36555258
36537103
36558364
36572175
36520301
36538176
36553435
36523173
36536513
36520087
36589428
36544976
36554802
36534080
36581267
36569282
36552143
36553743
36564191
36515639
36570450
36573406
36580734
36553501
36549137
36541559
36587064
36538902
36565311
36572389
36516205
36547791
36535147
36529198
36555699
36567880
36550726
36535733
36567488
36498926
36539042
36547095
36552115
36588612
36514525
36541425
36555746
36505603
36531846
36532917
36545205
36550583
36560865
36542269
36515741
36551082
36534169
36557323
36554673
36592278
36533218
36555718
36465414
36543322
36518925
36558466
36482034
36557936
36598801
36547052
36521973
36511742
36567167
36545609
36587270
36555461
36505327
36528491
36512976
36537275
36513360
36549623
36542029
36564829
36582083
36556260
36488917
36565794
36547991
36516378
36487629
36473706
36549304
36514287
36487323
36521954
36481003
36546841
36575844
36520702
36491685
36533141
36518840
36523504
36502676
36482454
36492018
36491133
36547598
36489828
36525737
36519031
36573600
36546431
36520187
36495628
36472490
36601518
36538338
36522946
36503322
36570455
36538966
36498391
36536907
36492309
36502058
36519292
36489047
36513395
36473137
36529813
36519421
36540602
36490233
36546859
36532640
36492006
36549711
36523887
36545898
36497691
36501327
36479819
36507124
36530004
36523073
36553702
36542855
36563784
36522579
36504705
36501164
36527293
36515299
36544239
36522948
36530055
36519339
36511832
36552479
36497245
36431935
36472031
36513350
36507020
36524142
36502624
36509539
36485157
36504335
36509832
36484731
36506574
36474532
36520276
36508759
36492568
36475611
36460578
36515490
36525271
36482816
36482956
36479721
36470462
36479930
36557663
36576018
36519503
36480837
36463763
36508424
36521035
36498689
36515761
36470124
36478819
36509005
36474085
36489365
36533453
36462119
36546167
36469674
36542319
36464768
36452299
36473609
36501953
36466972
36487509
36447358
36496723
36534845
36497304
36509991
36506871
36510231
36528157
36495343
36473721
36514866
36511920
36452078
36449717
36469360
36488895
36457143
36520070
36481985
36469016
36496053
36488450
36471880
36522034
36487498
36490238
36495891
36484179
36484618
36478328
36464894
36472237
36515642
36506374
36476974
36472141
36462467
36502605
36468011
36486659
36495396
36477031
36484890
36484163
36464848
36555096
36507130
36497258
36487815
36473245
36515256
36462002
36449154
36469635
36492325
36486591
36502059
36465790
36520461
36483299
36398661
36504499
36482626
36509368
36461792
36483804
36470109
36461517
36500704
36541565
36479052
36462578
36465028
36468501
36464582
36466640
36502459
36486002
36472307
36473787
36495987
36448838
36456146
36459879
36465929
36491601
36497024
36457225
36475747
36471714
36486505
36493545
36461518
36472059
36463564
36466371
36479370
36478742
36456377
36503886
36507616
36490677
36479746
36502335
36407118
36470384
36476363
36443670
36493691
36498686
36506657
36457034
36488194
36477998
36484026
36496616
36486305
36464731
36488256
36432551
36449194
36455446
36462594
36483918
36486202
36389249
36465048
36520060
36442413
36435447
36445818
36476105
36440298
36470446
36446661
36451470
36468172
36458025
36462977
36472419
36446979
36417140
36483966
36500290
36459705
36472950
36471451
36468245
36455843
36458576
36478883
36431908
36466165
36435600
36478142
36416413
36443169
36427962
36465115
36429216
36460983
36482464
36493729
36428172
36453429
36461326
36466004
36451800
36470131
36424260
36428028
36445350
36458602
36458321
36454785
36436441
36494493
36389110
36443951
36429806
36439907
36432121
36438999
36446393
36391059
36385050
36420303
36432513
36495181
36461602
36463645
36468078
36425759
36472565
36535496
36402796
36462925
36403599
36423577
36445403
36421417
36401921
36440265
36448148
36405774
36461834
36380973
36432009
36464340
36450865
36386159
36435160
36441507
36404394
36394925
36428465
36440505
36404886
36444842
36408163
36436110
36425998
36435121
36455677
36430140
36441138
36408777
36470286
36476056
36416106
36400147
36450902
36364033
36505154
36451957
36472010
36422207
36421535
36451465
36416209
36426182
36409096
36441412
36406290
36431630
36507053
36374808
36391642
36406935
36437867
36416336
36477971
36454699
36414504
36399429
36457205
36410762
36401028
36406926
36432330
36416567
36413947
36445394
36421532
36414895
36390602
36392118
36408092
36398268
36393240
36435504
36411725
36408612
36449190
36398770
36420999
36339169
36405851
36439113
36422633
36431968
36405460
36415607
36380464
36390780
36396770
36400179
36442270
36421701
36445117
36406091
36372863
36415620
36390569
36352339
36350090
36391077
36403509
36386807
36437809
36365636
36373256
36367137
36433899
36400636
36390624
36359229
36352533
36414413
36422841
36420023
36372383
36365816
36338444
36360056
36379022
36387065
36434171
36394746
36396307
36357182
36409136
36402591
36371554
36374478
36377450
36365145
36426971
36440625
36387067
36478184
36443193
36386571
36435834
36420612
36350494
36373363
36428643
36439287
36383054
36431570
36386743
36425665
36397339
36363423
36370755
36355359
36364754
36436125
36415050
36463063
36375347
36392487
36382126
36401785
36396200
36375015
36377048
36448726
36354686
36384196
36360051
36378649
36378912
36392574
36374337
36416815
36419237
36396435
36384019
36473442
36365752
36421386
36408109
36392339
36390777
36373564
36379282
36408123
36396951
36380258
36360714
36397472
36413669
36376398
36399282
36418138
36377834
36409265
36389676
36391876
36358407
36349132
36375728
36399922
36475606
36370771
36384133
36385626
36364716
36356080
36364719
36387738
36394887
36347661
36468171
36379293
36369755
36359685
36352970
36372307
36341979
36378608
36411961
36359082
36363775
36379204
36361896
36357458
36396387
36395659
36403622
36394002
36356492
36356982
36404507
36385520
36419066
36352818
36384655
36339887
36436357
36356961
36411719
36357357
36338133
36418232
36405244
36367940
36349656
36381048
36327272
36341499
36360886
36382133
36372719
36347262
36400999
36331321
36408081
36398934
36379704
36387878
36379675
36324403
36399490
36357109
36397268
36394215
36350731
36337982
36306246
36356354
36364295
36351003
36393816
36384782
36353700
36344233
36328643
36367584
36366695
36354859
36354956
36380801
36417920
36388618
36342366
36331815
36295330
36365076
36348345
36348443
36336390
36347669
36359776
36407501
36399089
36394502
36281066
36343892
36361916
36371616
36391084
36345372
36320022
36365299
36363847
36363298
36329361
36324657
36347914
36293013
36352663
36335348
36343531
36367505
36453973
36367761
36345756
36386899
36369665
36408353
36338224
36346166
36351335
36338098
36339761
36295641
36350398
36343875
36348646
36393374
36326277
36357199
36343577
36360072
36352518
36403799
36351415
36321325
36329136
36329438
36361382
36324754
36329191
36317812
36360746
36357218
36295014
36328689
36338351
36333752
36296689
36307818
36293333
36321109
36421861
36387056
36290492
36369402
36310311
36320791
36339562
36345986
36409157
36331469
36326060
36363057
36363290
36358413
36330662
36352462
36301261
36355627
36349036
36322745
36315625
36351830
36338023
36339342
36380521
36310929
36299067
36329348
36355549
36336124
36310601
36304113
36314913
36315583
36279553
36341426
36330301
36297575
36362810
36327717
36351342
36321712
36314446
36331555
36340755
36350753
36292884
36341238
36328103
36323530
36301501
36265542
36328453
36347237
36316690
36328077
36337096
36300018
36307952
36307410
36321777
36299082
36348406
36354606
36367281
36320496
36279865
36330594
36279772
36332100
36316536
36309148
36315754
36304858
36285329
36322737
36311126
36349778
36329405
36336374
36344730
36340246
36336236
36326227
36338747
36261721
36353419
36280294
36306683
36301604
36288552
36331017
36326134
36267671
36234127
36264620
36336043
36329739
36310642
36346220
36292000
36392546
36293914
36318000
36294921
36311697
36276439
36314757
36295209
36291910
36316081
36292741
36279259
36263425
36366836
36382142
36335341
36216202
36269578
36298075
36255901
36294282
36330466
36255649
36270190
36306410
36289184
36307071
36298927
36295875
36291712
36286414
36292914
36205958
36344526
36376234
36302277
36349114
36270268
36305737
36325888
36286011
36293447
36366243
36268286
36306624
36293979
36390364
36331528
36289588
36290804
36302934
36253741
36321946
36302650
36308852
36284944
36288294
36267496
36357658
36249429
36278868
36300497
36250806
36314133
36270278
36271463
36353519
36259846
36331721
36316540
36276158
36311170
36272451
36266389
36278948
36298239
36283803
36263129
36263494
36299190
36278482
36265442
36278735
36294267
36284447
36278085
36302803
36282448
36277855
36308011
36223707
36297182
36286452
36249797
36240348
36339583
36265508
36384478
36284894
36303725
36282015
36293682
36230636
36289939
36234860
36243845
36328943
36299646
36273082
36312891
36274174
36222401
36350982
36308106
36294119
36278412
36255411
36339550
36320832
36272351
36255104
36267051
36281167
36255292
36210149
36261099
36256940
36264358
36241854
36297158
36236008
36169285
36290872
36285546
36293078
36252640
36250266
36217363
36238984
36241581
36249889
36243370
36255660
36226435
36281904
36313093
36274631
36231845
36257451
36241198
36268174
36235573
36222900
36241260
36223083
36322538
36214328
36218285
36274570
36309220
36237348
36169848
36293970
36229608
36245053
36260435
36256948
36303338
36260310
36210931
36241452
36244479
36238245
36237113
36251195
36267685
36284919
36286156
36242193
36255024
36247208
36274827
36245343
36243872
36218452
36213258
36226048
36239205
36219540
36249841
36249302
36230743
36215852
36229521
36245311
36193323
36219371
36230954
36279278
36284753
36189033
36249745
36214428
36255958
36246701
36234896
36240771
36298703
36229809
36252155
36247528
36199812
36246674
36225858
36239581
36168404
36178539
36236533
36180470
36199090
36224925
36242931
36292085
36189254
36207287
36179900
36232930
36227879
36239907
36224742
36181548
36218659
36211762
36230282
36200418
36260159
36196286
36253004
36229249
36245591
36249754
36223410
36191615
36191205
36212575
36205729
36184072
36223992
36229665
36272781
36224133
36162614
36173576
36257473
36241000
36193637
36235556
36228104
36224749
36234724
36197265
36244444
36239874
36212093
36205730
36207491
36200714
36265045
36198462
36210425
36160640
36239051
36240277
36202956
36226784
36157421
36233664
36196900
36306259
36209292
36252326
36215386
36266248
36249052
36198366
36210028
36252539
36229563
36214282
36198708
36253649
36210345
36224678
36228877
36176174
36174641
36187630
36261554
36221061
36217315
36264029
36242612
36224876
36192087
36124099
36243775
36196978
36192781
36222412
36211608
36230318
36201902
36218577
36182626
36208000
36211983
36264511
36198308
36197119
36211338
36194741
36181992
36179560
36261686
36160783
36241324
36181872
36179508
36176609
36197340
36189399
36211558
36177146
36205137
36147689
36163710
36204918
36237190
36172119
36230394
36227611
36158726
36208329
36157466
36172099
36197134
36136755
36269889
36256208
36179925
36233269
36187925
36195677
36163472
36175000
36192995
36218408
36180730
36169938
36244039
36173518
36184359
36191769
36252212
36222470
36168295
36192882
36179989
36159468
36186237
36187724
36231637
36221397
36165892
36126882
36149719
36203005
36169292
36171294
36212584
36210321
36201273
36154233
36182387
36218612
36188311
36169507
36217316
36240349
36183929
36184346
36201314
36175152
36161955
36211263
36224393
36143805
36142624
36221201
36159624
36208244
36122593
36186258
36185586
36155555
36146414
36114770
36161421
36168958
36165564
36188009
36185752
36204200
36189376
36138659
36203167
36169904
36123331
36170354
36115322
36187024
36147751
36121922
36169689
36162591
36195260
36193182
36123744
36162713
36166050
36164944
36153317
36170982
36151040
36132492
36178294
36178252
36173175
36188767
36173987
36210164
36152210
36207239
36174066
36165397
36152507
36165615
36167701
36172482
36122935
36156822
36151327
36195499
36183586
36193130
36151794
36175416
36186673
36172470
36143426
36175006
36157550
36142414
36178675
36149460
36166054
36155922
36134108
36114747
36148960
36147572
36180260
36196766
36179195
36120129
36178985
36174987
36154467
36152032
36160607
36157522
36138830
36174814
36170122
36139856
36154931
36187719
36203620
36145557
36227393
36129643
36134365
36136866
36138952
36173567
36147466
36164620
36134572
36149308
36179817
36125842
36162733
36189657
36153615
36135359
36164595
36164330
36177140
36176815
36145912
36149530
36169338
36213223
36161017
36145768
36116701
36128224
36183850
36160911
36151924
36161394
36155161
36162009
36158362
36165482
36114581
36137374
36120744
36169488
36131108
36167279
36135107
36145665
36089356
36099200
36144795
36147856
36185595
36132937
36155207
36188015
36119953
36114867
36131453
36152125
36148667
36168154
36147097
36147526
36114543
36168736
36137292
36146927
36088313
36146101
36150249
36156718
36125855
36096044
36148879
36178877
36142205
36126115
36139771
36117846
36111612
36116227
36118065
36119370
36115651
36145417
36127667
36161729
36173663
36114354
36150153
36130052
36094451
36123367
36152451
36125810
36188692
36115788
36120825
36137631
36124551
36133513
36131356
36132147
36132112
36104728
36114818
36119104
36155890
36137671
36125605
36129070
36127469
36126416
36123923
36165870
36133595
36084990
36134502
36102793
36161327
36124956
36089893
36091721
36125832
36071886
36110877
36141110
36115617
36148605
36113104
36121682
36121042
36116103
36114783
36115572
36116191
